29.375,25.667,21.316,26.333,26.25,26,24.375,23.704,26.667,26.562,26.522,25,26.333,24.565,25,26.522,25,NaN,25.217,25.208,22.778,24.808,25,25.714,27.5,25,NaN
19.688,15,9.2105,21.667,16.25,15,20.938,15.741,13.333,18.75,13.261,10,16.333,12.609,10,20.217,15.455,NaN,14.783,14.167,10,18.077,13.667,10.714,21.429,16.25,NaN
0,5,3.1579,0,0.9375,1,0,0,0,0,0,0,0,0,0,0,0,NaN,0,0,0,0,0,0,0,0,NaN
0.9375,2.3333,3.4211,1,0.625,5,0.625,1.4815,1.6667,1.5625,1.3043,0.83333,1.3333,0.86957,0,1.087,1.1364,NaN,1.3043,0.625,0.55556,1.3462,0.66667,1.4286,0.71429,0.625,NaN
12.812,17.667,16.316,16,12.5,20,7.8125,10.185,1.6667,13.75,5.2174,2.5,21,6.7391,2.5,14.783,11.364,NaN,14.13,7.0833,0,17.5,8.3333,2.1429,15.357,10,NaN
0,0,0,0.33333,0.3125,0,2.1875,0.92593,0,0.625,3.0435,0,1.3333,0.86957,0,1.3043,0.45455,NaN,0.21739,0.83333,0.55556,0.19231,0.33333,0.71429,0,0,NaN
11.875,12.333,7.3684,11,7.8125,4,10.312,6.2963,3.3333,14.375,12.826,8.3333,16,7.6087,2.5,11.739,9.5455,NaN,14.565,14.583,10.556,15.962,11,7.8571,10.357,10.833,NaN
0,0,0,0.33333,0.9375,0,0,0.55556,0,0.3125,0,0,0,0,0,0,0,NaN,0,0,0,0,0,0,0,0,NaN
6.25,10.333,9.4737,4,7.8125,14,8.125,6.8519,11.667,5.3125,7.3913,6.6667,8,6.9565,7.5,5.8696,9.7727,NaN,7.1739,7.5,4.4444,7.1154,4.3333,8.5714,8.2143,8.3333,NaN
4.375,16.333,26.316,3.6667,9.375,16,5.625,11.296,15,1.875,6.3043,5.8333,3,6.9565,7.5,1.5217,4.7727,NaN,0.65217,3.3333,9.4444,1.9231,4.3333,5.7143,1.7857,3.3333,NaN
37.812,36.333,37.895,40.667,30.938,36,28.75,31.852,33.333,35.938,38.478,48.333,46.333,37.391,30,40.435,35.227,NaN,36.957,36.875,43.889,33.654,42.333,39.286,39.286,39.375,NaN
0,0,0,0,0,0,NaN,0,0,0,0.35714,0,0,0,0,NaN,0,0,0,0,0.16667,1.4286,0,0,NaN,0.20833,0
4.4444,0.68182,0.74074,0,0.68182,0,NaN,0.83333,1.6667,0,0.71429,1.1364,0,0.9375,0.58824,NaN,0,0.27778,0.88235,0.90909,1,0.71429,0.625,0.86207,NaN,0.20833,0
43.333,42.045,45.741,27,42.045,42.727,NaN,42.917,47.5,30,37.143,51.136,39,47.812,52.206,NaN,39.833,32.778,47.941,48.182,42.833,32.143,42.708,40.517,NaN,40.417,35.278
8.3333,12.955,13.333,16,16.591,15.909,NaN,17.708,16.875,22.5,15,12.727,20,15.312,13.824,NaN,14.333,15,17.353,15.227,14.833,17.857,15.417,12.586,NaN,12.708,11.111
12.222,9.5455,5.1852,12,9.5455,5.9091,NaN,6.875,8.5417,12.5,13.214,5.6818,10,10.312,3.8235,NaN,8.1667,6.1111,17.941,6.8182,8.3333,4.2857,4.7917,3.7931,NaN,2.2917,4.7222
16.667,11.591,7.037,13,9.3182,7.7273,NaN,11.667,11.667,12.5,12.857,10.909,14,17.812,13.235,NaN,13.667,13.333,17.941,17.5,13.833,13.571,16.667,14.655,NaN,16.875,13.889
15.556,14.545,12.593,14,10.682,13.182,NaN,10.833,14.583,27.5,15,12.955,8,15.312,13.088,NaN,9.5,16.389,18.235,15.227,18.667,9.2857,8.9583,14.31,NaN,5.4167,16.111
0.55556,3.8636,3.7037,2,1.8182,3.4091,NaN,5,4.5833,2.5,2.8571,3.1818,5,2.8125,5.4412,NaN,4.3333,5.5556,2.9412,3.8636,4.1667,5,3.5417,2.7586,NaN,2.2917,2.7778
0,0,0,0,0.19231,0,0,0,0,0,0,0.45455,0,0,0,0,0,0.83333,0,0.22727,0.55556,2.3077,0.19231,0,0,0,0.25
20.455,12.8,0.33333,15,1.3462,0,0,0.66667,0,0,0,0,0,0.4,0,0,0.5,0,0,0,0,0.76923,0.19231,0,0,0,0
21.818,11,11.167,15,6.1538,13.333,5,8.6667,12.647,15,13.269,14.545,25,8.6,8.0645,8.3333,9.25,11,13.611,11.818,10,4.2308,9.6154,8.5185,30,6.6667,10.25
23.636,17.2,7.3333,20,11.731,12.879,17.5,12.333,11.176,18.333,17.692,11.364,10,16.8,16.613,18.333,13.5,23.333,20.833,20.682,20.972,19.615,20.385,22.593,15,19.583,22
4.0909,3.4,1.6667,8.3333,2.1154,3.3333,5,2.5,1.7647,1.1111,2.1154,2.7273,15,1.4,1.2903,5,7.5,3.1667,0.83333,1.1364,1.1111,5.3846,3.0769,2.4074,35,1.4583,2.75
24.091,16.2,13.167,13.333,9.6154,9.0909,10,7.6667,12.941,17.778,10.769,13.636,15,9.2,11.129,3.3333,7,10.5,12.222,11.591,11.667,10,10.962,10.37,0,15.208,10.75
40.909,27.6,16.167,28.333,16.731,14.545,12.5,12.833,13.824,23.333,18.846,17.5,10,16.8,15,10,12,12.5,20.278,20.909,19.167,15,18.846,15.926,20,12.708,10
13.182,12,7.3333,10,13.462,10.303,2.5,13.5,10.588,18.333,16.538,6.3636,0,12.2,10.484,5,9.5,6,18.889,11.136,6.8056,5.7692,5.3846,12.037,20,7.9167,8.5
2.7273,3,1.8333,1.6667,3.6538,1.0606,2.5,3.1667,1.1765,2.2222,2.5,2.9545,30,4.4,1.6129,1.6667,5.5,1.8333,3.6111,4.5455,2.5,3.8462,3.8462,1.8519,25,1.875,1
1.8182,0.4,0.66667,0,0.38462,0.60606,0,1.1667,0.88235,0,0.19231,0.68182,0,0.6,0.16129,0,0.75,1.3333,0.83333,0,0.41667,0.76923,0.38462,1.1111,0,0.83333,0
0,0,0,0,0,0,0,0,0.78947,0.90909,0.65217,0,0.625,0.83333,0,0,1.3333,0.29412,0,0,0,0.90909,0.20833,0,0,0.18519,0.75
0.83333,1.3333,3,0.38462,1.3462,2.0588,0,0.95238,1.0526,2.7273,3.2609,6,1.25,1.25,3.5294,5,2,3.2353,5.3333,2.4074,6,4.0909,2.0833,10.278,0,2.5926,4.75
2.5,3.6667,3,4.2308,4.4231,3.2353,0,5.2381,2.1053,6.8182,3.4783,5,3.75,5,5.2941,0,3.3333,2.3529,9,3.3333,4.5,7.2727,3.125,3.0556,5,2.7778,1.75
17.5,11.667,9,19.231,15.192,10.294,8.75,15.238,9.4737,16.818,15.652,9.5,16.25,13.958,11.765,12.5,14,10.882,18.667,12.963,19,14.545,12.917,12.778,17.5,11.667,14
14.167,18.667,17,15,16.731,19.118,11.25,17.143,15.789,17.273,14.783,18.5,13.75,15.208,15,15,14.667,12.353,14.333,17.593,17.5,15,16.042,18.611,12.5,15.185,13.25
4.1667,8,7,6.5385,8.4615,7.6471,7.5,8.5714,11.579,5.9091,6.3043,9,8.125,4.1667,10.294,7.5,6,7.6471,6,6.4815,7,9.0909,5.4167,8.3333,15,6.8519,5.5
9.1667,8.3333,13,8.0769,6.9231,7.6471,2.5,9.0476,10.263,8.6364,8.913,8.5,7.5,8.125,13.529,7.5,9.6667,12.353,9.3333,11.296,13,9.5455,6.0417,11.944,7.5,9.4444,11
3.3333,7.3333,16,3.4615,6.3462,12.941,7.5,4.0476,13.158,7.2727,13.043,21.5,3.125,9.7917,17.941,7.5,9.6667,14.706,9.6667,12.407,15.5,7.7273,12.5,20.278,7.5,6.2963,15.75
0,0,1,0,0,0,0,0,0,0,0,0,0,0,0,0,0,0,0,0,0,0,0,0,0,0,0
5.8333,4.6667,5,4.6154,4.8077,4.1176,3.75,1.6667,2.1053,5.4545,8.2609,5.5,0.625,3.3333,4.1176,0,1.6667,2.9412,6.3333,4.6296,8,3.1818,2.7083,4.4444,0,2.7778,2.25
17.5,13.667,12,14.231,14.615,11.176,13.75,13.333,12.368,11.818,13.043,12,13.75,9.1667,12.647,5,15,12.647,13.667,15.185,15.5,10.909,14.583,16.667,12.5,12.778,10.25
1,0.35714,0,NaN,0,0,NaN,0,0,2.5,0,0,NaN,0,0.90909,NaN,0,0,0,0.35714,0,0,0,0.38462,NaN,0,0
2.5,1.4286,0,NaN,0,0,NaN,0,0.35714,0,0.38462,0.29412,NaN,0,0,NaN,0,0.78947,0.625,0,0,0,0,0,NaN,2.1429,2.8571
25.5,20,7.5,NaN,15,16,NaN,9.5,5.3571,10,5.7692,7.6471,NaN,8.8889,10.909,NaN,8.3333,10.789,9.375,9.6429,6.3636,1.6667,11.111,7.3077,NaN,7.1429,7.1429
4.5,11.071,11.25,NaN,12.778,11.5,NaN,10.5,7.8571,11.25,15.385,11.765,NaN,11.667,17.273,NaN,6.6667,15.789,13.125,20,15,0,18.333,21.154,NaN,7.8571,14.643
19.5,22.143,10,NaN,11.667,19,NaN,5.5,10.714,11.25,10.769,12.647,NaN,15.556,10.455,NaN,11.111,7.3684,15.625,14.643,10.909,13.333,12.778,11.923,NaN,11.429,12.857
17,22.857,23.125,NaN,36.667,25,NaN,26,28.571,36.25,28.462,27.353,NaN,26.667,26.818,NaN,32.778,27.895,31.875,27.5,26.818,23.333,30,30.769,NaN,22.143,29.286
16,12.143,15.625,NaN,18.889,19,NaN,25.5,25,31.25,30.385,26.765,NaN,29.444,25.455,NaN,26.667,26.316,33.75,32.5,29.091,25,32.778,27.692,NaN,32.143,28.214
13.5,14.286,26.875,NaN,8.8889,25,NaN,12,16.786,7.5,13.462,21.176,NaN,12.778,22.273,NaN,11.111,17.632,5.625,12.143,18.182,5,7.2222,15,NaN,7.8571,13.571
0,0,0,NaN,0.55556,0,NaN,0,0,1.25,0.38462,0,NaN,0,0.45455,NaN,0,0,0,0,0,0,1.1111,0.38462,NaN,0,0
17,13.929,5.625,NaN,12.778,8,NaN,10,11.429,31.25,20.769,4.1176,NaN,11.111,12.273,NaN,8.3333,10.789,23.125,21.071,7.2727,6.6667,23.333,16.538,NaN,2.1429,6.4286
13.5,12.143,14.375,NaN,16.667,14,NaN,15.5,15.357,30,28.846,18.235,NaN,20,23.636,NaN,15.556,16.842,26.875,26.786,18.182,15,32.222,22.692,NaN,12.857,15.357
4.5,6.4286,16.875,NaN,7.7778,14,NaN,14,14.643,13.75,15,17.059,NaN,16.111,16.818,NaN,13.333,15.526,18.75,17.5,18.636,16.667,16.667,17.692,NaN,14.286,16.071
3,2.5,6.25,NaN,2.7778,2.5,NaN,5,1.0714,3.75,5.3846,6.1765,NaN,5.5556,2.2727,NaN,4.4444,2.3684,5,2.5,2.2727,5,1.6667,1.9231,NaN,4.2857,3.2143
0,0,0,NaN,0,0,NaN,0,0,0,0,0,NaN,0.55556,0,NaN,0,0,0,0,0.45455,0,0.55556,0.38462,NaN,0,0
17.5,13.214,6.875,NaN,7.7778,10,NaN,13.5,7.1429,12.5,9.2308,2.9412,NaN,8.3333,3.6364,NaN,9.4444,1.3158,11.25,3.9286,1.8182,8.3333,5,1.9231,NaN,12.857,2.1429
0,0,0,0,0.65217,0.33333,NaN,0.35714,1.6667,2.5,1.5625,0.41667,0,0.25,0.58824,NaN,1,0.3125,2.2727,1,0.78947,0.71429,2.2222,1.4583,0,1.9048,2.4074
15.5,23.421,16,20,16.957,17,NaN,14.643,22,10.833,18.125,11.667,13.333,17.25,17.647,NaN,18.75,18.125,10.909,16,12.105,18.571,15.741,14.583,22.5,16.667,15.926
0,0,0.5,0,0.43478,0,NaN,0,0,1.25,0,0.83333,0,0.5,0.29412,NaN,0,0.3125,0,2.5,1.3158,0,0.92593,0.83333,0,0,0
0.5,1.3158,1,2,0.21739,0,NaN,0,0,1.25,0,0,0,0,0,NaN,0,0,0.45455,0,0,0.35714,0.37037,0.41667,0,0,0
0,2.3684,0,0,0,0,NaN,0,0,0.83333,0,0,0,0,0.29412,NaN,0,0,0,0.25,0,0.35714,0.18519,0.20833,0,0,0
10.5,12.895,11,16,12.609,13.667,NaN,12.5,13,12.5,9.375,14.167,11.667,13,15.588,NaN,11.25,12.5,13.409,11.75,12.632,13.214,13.333,13.333,15,14.048,15
15,12.895,18,16,18.913,14.667,NaN,18.571,17.333,19.167,20.938,18.75,13.333,19.5,17.647,NaN,19,15.625,18.864,14.75,16.579,17.143,17.593,17.292,10,11.905,17.037
40.5,45.263,20,26,33.913,16.333,NaN,18.929,13,14.167,14.375,10.417,18.333,13.25,16.176,NaN,12.25,9.375,16.591,11.75,11.842,10.357,8.7037,10.208,5,10,14.074
15.5,12.368,0,4,4.5652,1,NaN,3.2143,0.66667,0.83333,5,1.25,0,2.75,3.5294,NaN,1.25,3.4375,3.4091,3.25,1.3158,2.8571,2.7778,4.5833,0,1.1905,3.1481
2,1.8421,9,6,5.6522,12,NaN,12.5,14.667,6.6667,4.375,10.833,13.333,10.25,16.471,NaN,13.5,16.25,6.1364,7.5,12.632,14.643,12.593,16.875,10,17.857,20.556
0,0,0.5,0,0,0.33333,NaN,0,0.33333,0,0,0,0,0.5,0.58824,NaN,0.5,0.625,0.45455,0.5,0,0,0.18519,0,0,0.47619,0.18519
4.5,11.842,28.5,15,28.261,33.333,NaN,42.143,36.333,53.333,39.375,37.083,38.333,42.5,44.706,NaN,47.5,43.75,50,55,36.579,51.429,54.074,46.875,55,52.619,51.667
8,3.1579,0.5,6,2.3913,0.33333,NaN,1.4286,0,7.9167,0,0,0,0,0.58824,NaN,0.25,0.3125,5.2273,0,0,0,0,0.625,2.5,0.2381,0.74074
3.5,6.5789,2,6,2.8261,1.6667,NaN,6.0714,1.3333,7.0833,3.4375,0.83333,0,0.75,6.1765,NaN,3,0.625,5.4545,4,1.8421,2.5,5.3704,4.1667,0,3.5714,7.963
33.5,24.474,23.5,28,30.87,24.333,NaN,30.714,21,24.583,22.188,25.833,25,27.75,26.176,NaN,25,22.812,21.591,22.25,25.789,21.071,23.148,25.208,22.5,24.286,23.333
12.5,15.526,11,9,8.4783,11.667,NaN,7.5,11.333,12.917,10.625,10,11.667,9.75,13.529,NaN,11.5,10.625,15.227,13.25,12.105,11.786,15,12.917,12.5,12.143,12.963
20,19.737,16.5,17,16.957,16.333,NaN,18.214,15.667,17.083,15.312,18.75,15,16.25,15,NaN,18,14.375,14.545,15,16.842,14.643,16.296,15.208,12.5,16.19,16.481
12.5,9.2105,4,1,4.1304,2.6667,NaN,1.0714,5.3333,2.5,2.8125,2.9167,3.3333,3.25,2.0588,NaN,5.25,3.125,2.2727,2.5,2.6316,2.8571,3.1481,4.5833,5,5,4.8148
0,0.26316,1,0,1.7391,0,NaN,1.0714,2.3333,0.41667,1.25,0,1.6667,0.5,0.88235,NaN,0.5,0.3125,0.68182,1,0.52632,0,1.6667,0.83333,0,0.2381,0.18519
5.5,7.8947,2.5,10,5.4348,5.3333,NaN,4.6429,5.3333,4.5833,3.4375,4.5833,6.6667,5.25,2.6471,NaN,3,4.375,6.3636,3.75,3.1579,4.2857,3.1481,2.0833,0,2.8571,2.037
5,12.941,4.75,0,13.333,7.1429,NaN,12.857,15,2.7778,3.6667,3.8462,NaN,2.3077,3.8095,NaN,7.7778,8.4783,0.76923,2.0455,2.1739,1.6667,4.5455,3.6538,NaN,4.7059,5.7692
25.833,28.235,18.25,25,16.667,19.643,NaN,16.429,21.154,22.222,21,18.462,NaN,15.769,15,NaN,16.667,15,21.538,22.5,17.826,26.667,19.773,19.615,NaN,16.471,19.231
0,0,0.25,0,0,0,NaN,0,0,0,0,0,NaN,0,0,NaN,0,0,0,0,0,0,0,0,NaN,0,0
0,0,0.25,0,1.1111,0.71429,NaN,0.35714,0,0,0,0,NaN,0,0,NaN,0.55556,0,0,0,0,0,0,0,NaN,0,0
0,6.7647,0,0,0,0,NaN,0,0,1.1111,0.66667,0,NaN,0,0.47619,NaN,0,0.43478,0.38462,0.22727,0,0,0.68182,0,NaN,0,0
29.167,33.824,14.25,25,22.222,13.214,NaN,13.214,13.462,20,12.333,16.346,NaN,8.4615,13.81,NaN,11.111,13.913,11.923,14.318,15.652,13.333,13.636,15.192,NaN,10.882,12.692
15.833,11.765,15.75,15,15.556,14.286,NaN,13.571,16.154,12.222,15.333,15,NaN,15.769,14.762,NaN,13.889,14.783,14.615,12.955,14.565,16.667,15.455,13.846,NaN,13.529,15.385
18.333,25.588,11.25,65,13.889,18.571,NaN,21.786,18.846,15.556,14.333,18.462,NaN,35.385,20.952,NaN,26.667,13.913,16.154,15.227,20.435,16.667,14.318,16.154,NaN,9.1176,40.769
0,1.4706,3.5,0,1.1111,2.8571,NaN,1.0714,3.4615,0,0.33333,1.3462,NaN,1.5385,1.4286,NaN,1.1111,3.0435,0,1.1364,0.43478,1.6667,3.1818,2.3077,NaN,2.0588,1.1538
16.667,11.176,2.75,0,10,4.2857,NaN,6.0714,3.0769,12.222,2,0.96154,NaN,1.1538,1.6667,NaN,7.7778,3.4783,5.3846,1.1364,1.5217,1.6667,2.5,1.3462,NaN,4.1176,4.6154
1.6667,2.0588,5.75,5,5.5556,9.6429,NaN,8.2143,9.6154,3.8889,2.3333,9.8077,NaN,8.4615,11.429,NaN,13.889,16.087,4.2308,4.3182,11.087,11.667,10.227,14.038,NaN,16.176,19.615
0,0,0,0,0.55556,0.35714,NaN,0.35714,1.1538,0,0.33333,0.76923,NaN,0,0.47619,NaN,0,0,0.38462,0.45455,0.43478,0,0.22727,0.38462,NaN,0.29412,0.38462
0.83333,22.647,32.75,40,20,31.429,NaN,32.857,41.538,51.111,47,43.462,NaN,53.462,41.667,NaN,41.667,52.391,60.769,50.227,45.217,43.333,54.318,54.231,NaN,53.529,59.231
30,15.294,27.25,30,36.111,29.286,NaN,31.429,27.308,26.111,27.333,26.154,NaN,27.308,26.429,NaN,28.889,25.87,27.308,23.864,27.174,21.667,25.227,27.692,NaN,24.118,23.077
5,16.25,6.1765,15,15.333,8.0952,NaN,17.5,14.667,5,6.25,5.7143,NaN,12.778,6.5217,NaN,10,10.526,0,2,6,NaN,4.5455,6.25,2.5,6.6667,9.7727
7.5,22.188,8.5294,10,9.6667,9.7619,NaN,6,10,20,14.062,11.429,NaN,10,8.6957,NaN,1.6667,9.7368,7.5,9,9,NaN,8.6364,8.5417,10,9.1667,6.8182
0,0,0,0,0,0,NaN,0,0,0,0,0,NaN,0,0,NaN,0,0,0,0,0,NaN,0.45455,0.20833,0,0,0
2.5,0.3125,0,0,0,0.2381,NaN,0,0,0,0,0.71429,NaN,1.1111,0.43478,NaN,0,0.26316,0,0,1,NaN,0.45455,0.625,0,0,0.45455
0,0.3125,0.29412,0,1,0.71429,NaN,0,0,0,0.3125,0.35714,NaN,0,0,NaN,0,0,0,0,0.5,NaN,0,0,0,0.83333,0.45455
17.5,17.5,14.706,10,13.667,13.81,NaN,12.5,12.667,15,14.688,15,NaN,13.333,12.609,NaN,11.667,13.158,12.5,16.5,15.5,NaN,13.182,12.5,10,15,14.773
32.5,36.875,10,25,19.667,14.286,NaN,6.5,16.333,10,16.562,17.5,NaN,18.333,16.087,NaN,15,16.842,5,13,16,NaN,13.636,16.25,15,13.333,16.136
22.5,23.125,28.235,30,33.333,31.429,NaN,34,30.667,35,30.312,27.143,NaN,29.444,30,NaN,31.667,32.632,32.5,33,28,NaN,30.455,29.583,22.5,32.5,30.909
10,13.75,12.353,10,19,17.381,NaN,20.5,20,20,13.438,18.214,NaN,18.333,17.826,NaN,10,18.684,10,16,18.5,NaN,14.091,16.875,7.5,11.667,15.455
27.5,14.062,22.941,20,15,12.619,NaN,14.5,12.667,20,23.438,17.5,NaN,18.333,21.304,NaN,15,12.368,20,22.5,18,NaN,15.909,14.583,17.5,10,10.909
25,23.75,21.471,25,20.667,20.476,NaN,23.5,20,25,22.188,21.429,NaN,20.556,21.522,NaN,15,21.053,20,25,22,NaN,21.818,19.583,15,17.5,20.682
5,1.5625,6.7647,0,4.6667,9.5238,NaN,13.5,13.667,5,6.875,7.8571,NaN,13.333,14.13,NaN,11.667,20.526,10,10,9,NaN,17.273,16.458,12.5,13.333,20
17.5,15.938,1.4706,15,5.3333,1.4286,NaN,7,4,0,1.25,1.0714,NaN,3.3333,2.3913,NaN,0,3.6842,0,2,0.5,NaN,1.3636,1.4583,0,3.3333,3.4091
5,10.625,27.059,10,14.667,26.429,NaN,25.5,38,35,39.688,34.286,NaN,40,39.565,NaN,46.667,44.211,12.5,46,35,NaN,50.909,43.542,25,50,45.909
0,0,0,0,0,0,NaN,0,1,0,0.3125,0,NaN,0,0,NaN,0,0.78947,0,0.5,0.5,NaN,0,0.41667,0,0.83333,0
25,25.625,28.529,35,32.333,28.095,NaN,28,28,25,29.062,26.786,NaN,27.778,27.391,NaN,25,27.105,25,24.5,25.5,NaN,26.818,25.417,20,27.5,25
1.25,0,0.26316,NaN,0.41667,0,NaN,0,0.26316,0,0.27778,0,0,0,0,0,0.625,0,0,0,0.2381,0,0.58824,0,0,0.66667,0.20833
5,9.5455,18.684,NaN,14.583,16.25,NaN,17,16.842,13.75,22.5,24.545,25,23.182,23.25,15,20,26.818,19,25.625,19.048,11.25,21.471,21.111,20,18.333,26.042
5,16.364,21.316,NaN,14.167,18.125,NaN,20,20.263,20,31.944,28.636,25,27.727,29,30,26.875,26.818,30,30.625,26.19,13.75,29.706,28.333,30,26,29.792
0.625,1.5217,0,0,0.25,0,0,0.20833,2.1875,0,0,0,0,0,0.45455,0,0,0.625,0,0,0,0,0,0.2,NaN,0,1.0526
0,0.86957,0,0,0,0,0,0.20833,0,1.25,0.43478,0,0,0,0.45455,0,0,0,0.27778,1.7857,0,0,0.2,0,NaN,0.43478,0
31.875,25.435,7.1429,28.333,17.25,6.8182,15,7.2917,9.6875,10.625,8.913,6.3636,11.111,10,7.7273,20,9.4118,7.5,10.278,11.786,8.125,12.5,13,12,NaN,13.696,13.158
0,0.43478,0,1.6667,0.25,0,0,0,0,0,0,0,0,0,0,0,0,0,0.27778,0,0,0,0,0.2,NaN,0,0
31.875,21.087,12.619,25,19.75,14.318,17.5,16.667,16.562,16.25,13.478,13.636,15,13.75,14.545,15,15.588,15.208,13.889,11.786,14.062,10,14,14.8,NaN,13.043,13.421
16.875,12.174,10,8.3333,10.25,8.8636,15,10,6.25,10,7.3913,4.3182,9.4444,4.6875,4.0909,5,5,3.75,8.0556,5.7143,5,10,3.4,3.6,NaN,4.1304,2.1053
16.25,27.826,28.571,20,19.75,35.455,2.5,25.833,46.25,49.375,45.652,36.364,25.556,45.312,43.409,30,41.765,46.042,50.833,50.357,45.938,25,52.6,40.8,NaN,48.043,46.053
10.625,11.957,18.333,10,13,17.955,5,11.25,22.188,12.5,17.609,20.455,7.2222,13.75,20,0,14.412,20,11.111,16.429,18.438,5,19.2,19.2,NaN,16.087,21.842
0.625,1.087,3.0952,6.6667,4,2.9545,7.5,2.7083,1.875,3.75,3.4783,4.3182,7.2222,5.3125,3.8636,0,3.8235,3.125,1.9444,2.1429,3.75,0,5.8,5,NaN,2.6087,4.2105
11.25,8.4783,2.619,5,2.5,0.90909,12.5,3.125,2.1875,5.625,1.087,3.4091,4.4444,5.9375,1.1364,5,1.1765,2.0833,4.7222,1.7857,1.25,10,4.4,3.2,NaN,3.6957,2.3684
17.5,13.261,15.476,11.667,11.5,13.409,10,11.042,6.875,8.125,13.261,14.545,6.6667,12.812,13.409,15,12.353,11.875,9.4444,11.786,12.188,10,10.6,10.6,NaN,12.174,12.632
39.5,28,3.6957,NaN,7.9412,3.8,NaN,2.8125,6.875,10,5.2632,6.1538,0,4.0476,2.8846,NaN,1.5385,6.5517,7.5,4.2,7.1154,NaN,4.7368,5.9615,5,2.25,4.6875
20.167,25.25,15.435,NaN,23.824,15.4,NaN,19.375,10.938,10,19.211,17.692,15,15,18.269,NaN,19.423,17.931,18.75,20.6,18.462,NaN,10.263,17.692,15,17,26.562
0.33333,0.25,8.0435,NaN,0,3.4,NaN,0,0.625,0,1.0526,8.0769,0,0,1.5385,NaN,0,0.86207,0.625,0.2,8.6538,NaN,0.78947,1.9231,5,0,2.8125
22.833,23.25,22.826,NaN,23.529,24.4,NaN,25.312,21.875,25,21.579,21.731,25,23.095,22.308,NaN,24.231,21.379,23.125,22.6,21.538,NaN,22.368,21.923,25,23.25,20.625
5.3333,9,16.522,NaN,10.588,11.4,NaN,16.25,11.562,10,13.684,14.808,10,15.476,13.846,NaN,19.231,12.414,16.25,17.4,16.346,NaN,16.842,16.346,40,20,12.188
0.33333,0.5,0,NaN,0.29412,0,NaN,0,0,0,0.26316,0,0,0,0,NaN,0,0,3.75,2.6,0.38462,NaN,0.52632,0,0,0.5,0.3125
0.5,0.5,0,NaN,0,0,NaN,0.3125,0,0,0,0,0,0,0,NaN,0,0,3.75,0.6,0.19231,NaN,0.26316,0,0,0.25,0
0,0,0,NaN,0,0,NaN,0,0.625,0,0.26316,0,0,0,0.19231,NaN,0,0,0,0,0,NaN,0.26316,0,0,0.25,0.3125
0,0,0,NaN,0,0,NaN,0,0,0,0,0.19231,0,0.95238,0.19231,NaN,0,0,0,0.2,0.19231,NaN,0,0.19231,0,0,0
3.6667,7.5,0,NaN,0,0,NaN,0,0.3125,0,0,0,0,0,0,NaN,0,0,0,0,0,NaN,0,0,0,0,0
23.333,20.5,13.043,NaN,14.706,15,NaN,13.75,12.812,5,14.211,14.423,15,13.095,12.885,NaN,11.346,12.241,9.375,13,13.462,NaN,12.368,14.231,5,11.25,12.188
21.833,22.75,17.609,NaN,24.118,19.8,NaN,22.188,20.312,20,20.263,17.692,20,21.429,19.615,NaN,19.231,19.828,25,23.2,18.462,NaN,21.579,20,15,20,25.312
0.33333,0,0,NaN,0,0,NaN,0,0,0,0,0.38462,0,0.2381,0.19231,NaN,0.19231,0,0,0,0.19231,NaN,0,0,0,0,0
0.16667,0.25,1.087,NaN,0.58824,1.2,NaN,0,1.875,0,0.52632,0.38462,0,0.2381,1.1538,NaN,0.19231,0.68966,0,0.8,1.3462,NaN,0,0.76923,0,0.25,1.875
44.333,45.5,50.217,NaN,45.588,47.2,NaN,49.688,46.562,50,36.579,40.962,25,41.667,39.038,NaN,48.077,42.931,40,33,44.231,NaN,33.947,38.269,35,40,39.375
0.66667,0.25,0.43478,NaN,0,0.6,NaN,0.3125,0.3125,0,0,0.19231,0,0,0.19231,NaN,0,0.17241,0,0,0.19231,NaN,0.26316,0,0,0.25,0
0.83333,3.5,9.1304,NaN,3.5294,6.4,NaN,3.125,7.8125,0,8.1579,15.962,0,5.4762,14.231,NaN,2.8846,10.517,3.75,11.4,16.923,NaN,5,15.769,0,6.5,15.938
8.8333,12.25,24.348,NaN,23.529,23.8,NaN,27.812,37.5,55,33.684,23.269,5,39.048,27.692,NaN,33.269,45.172,36.875,43.6,35.962,NaN,41.842,39.423,30,41,43.125
0,0.25,0,NaN,0.58824,0,NaN,0,0,0,0.26316,0,0,0.47619,0.19231,NaN,0.19231,0.68966,0.625,0,0,NaN,0.52632,0,0,0,0.3125
16.667,17.75,20.217,NaN,22.647,18.6,NaN,19.062,19.688,10,21.053,23.846,10,19.762,23.462,NaN,22.692,21.379,36.875,30,20.962,NaN,28.684,24.808,20,22.5,20
0,0.25,0,NaN,0,0,NaN,0,0,0,0,0,0,0,0,NaN,0.19231,0,0,0,0,NaN,0.26316,0,0,0,0
NaN,45.833,13.5,NaN,14.545,7.0588,NaN,1.6667,3.8462,NaN,10.312,6.3333,NaN,2.5,7.9167,NaN,2.2222,5,7.5,3.6364,7.8,NaN,2.8571,8.2353,NaN,4.2308,8.2
NaN,13.75,10,NaN,10,9.7059,NaN,18.333,14.615,NaN,11.25,6.6667,NaN,16,9.375,NaN,12.778,17.857,2.5,9.0909,13.2,NaN,10.357,13.235,NaN,11.538,19.4
NaN,79.167,49.5,NaN,72.273,38.824,NaN,41.667,45.385,NaN,36.875,44.333,NaN,52,43.125,NaN,32.222,34.286,25,43.182,55.6,NaN,58.929,60.588,NaN,45.385,59.6
NaN,1.25,3.5,NaN,3.1818,0.58824,NaN,0,1.1538,NaN,0,1,NaN,2.5,0.41667,NaN,0,0.71429,2.5,2.2727,1,NaN,0.71429,1.7647,NaN,0.76923,0.2
NaN,27.083,27.5,NaN,32.727,28.235,NaN,35,26.923,NaN,28.75,26.333,NaN,28.5,26.042,NaN,30.556,23.929,25,26.364,26.6,NaN,26.786,25.294,NaN,28.846,25
NaN,6.6667,7,NaN,10.909,11.471,NaN,11.667,8.8462,NaN,13.75,10,NaN,9.5,12.083,NaN,18.889,5.3571,12.5,15.455,14.8,NaN,16.429,11.471,NaN,21.923,12.4
NaN,7.5,0.5,NaN,1.3636,0,NaN,0,0,NaN,0.3125,0,NaN,0,0,NaN,0,0,0,0.45455,0,NaN,0,0,NaN,0,0
NaN,2.5,0,NaN,0,0,NaN,0,0,NaN,1.875,0.33333,NaN,0,0,NaN,0,0,0,0.45455,0.6,NaN,0,0,NaN,0,0
NaN,1.6667,1,NaN,0.45455,0.29412,NaN,0,0.76923,NaN,4.6875,1.3333,NaN,0,1.875,NaN,0,0,5,10,3.8,NaN,2.8571,2.0588,NaN,1.1538,1.8
NaN,1.6667,0,NaN,0.45455,0.29412,NaN,0.55556,0.38462,NaN,0.3125,0,NaN,0,0,NaN,0,0.35714,0,0,0,NaN,0,0.88235,NaN,0,0.2
NaN,23.75,13.5,NaN,13.182,17.353,NaN,12.222,16.538,NaN,15.625,21.333,NaN,12,17.5,NaN,16.111,17.143,15,18.636,20.4,NaN,14.643,21.176,NaN,17.308,16.6
NaN,33.75,35,NaN,34.545,30,NaN,35,32.308,NaN,29.062,27,NaN,34,30,NaN,29.444,30.714,35,31.818,30.4,NaN,30.714,31.176,NaN,29.615,33.4
NaN,31.25,31.5,NaN,24.545,27.941,NaN,33.889,26.923,NaN,30.938,38.667,NaN,34.5,34.792,NaN,31.111,27.857,22.5,31.818,42.6,NaN,32.5,32.647,NaN,34.231,30.6
NaN,22.917,18,NaN,24.545,22.941,NaN,24.444,23.462,NaN,23.125,22.667,NaN,18.5,22.917,NaN,13.889,22.5,22.5,22.727,24.8,NaN,18.929,21.765,NaN,15,19.4
NaN,27.5,29.5,NaN,31.818,26.176,NaN,25,26.923,NaN,26.875,26.667,NaN,35,23.542,NaN,27.778,25,30,22.273,21,NaN,22.5,23.824,NaN,30,20.4
NaN,0,1,NaN,0,0.88235,NaN,0,0.38462,NaN,0.3125,0.33333,NaN,0,0.20833,NaN,0,0.35714,2.5,0,0.4,NaN,0,0.29412,NaN,0,1.2
NaN,5.4167,10.5,NaN,2.7273,8.8235,NaN,9.4444,11.923,NaN,11.25,19.667,NaN,6,17.917,NaN,4.4444,16.071,0,15.909,24,NaN,7.1429,19.706,NaN,5.3846,19
NaN,0.41667,0,NaN,0.90909,0.29412,NaN,0.55556,1.1538,NaN,0.625,0.33333,NaN,0.5,1.4583,NaN,6.1111,0.35714,0,1.3636,0.8,NaN,3.5714,0.58824,NaN,3.0769,0.2
NaN,0.41667,0.5,NaN,0,0.58824,NaN,0.55556,0.38462,NaN,0.625,0.33333,NaN,0,0.20833,NaN,1.6667,0,0,0,0,NaN,0.35714,0.29412,NaN,1.9231,0.8
NaN,22.333,22.708,25,25,23,NaN,25.333,22.188,20,22.5,21.8,NaN,23.095,21.5,30,24.737,21.429,23.75,21.905,22.059,23.75,22.692,21.5,30,23,21.522
NaN,0.33333,2.2917,0,1.1538,4.5,NaN,1.3333,3.4375,5,0.41667,8.4,NaN,4.2857,7,0,5.7895,4.6429,2.5,2.1429,12.941,0,6.9231,8.5,0,3,12.391
NaN,2.3333,0.20833,0,0,0.25,NaN,0,0,6.25,0.41667,0.6,NaN,0,0,0,0,0,0.625,1.4286,1.7647,0,0,0.5,0,0,0
NaN,1.3333,0.83333,0,0.38462,0.5,NaN,0,0.9375,0,0.83333,0.2,NaN,0,0,5,0.26316,1.0714,0,0,0.29412,0,0.76923,0.5,0,0.33333,1.087
NaN,0.33333,0,0,0,0,NaN,0,0.3125,0,0,0,NaN,0,0.25,0,0,0,0,0,0,0,0.76923,0.25,0,0,0
NaN,3,0,2.5,0.38462,0.5,NaN,0,0,0,0,0.2,NaN,0,0,0,0,0,0,0,0,0,0,0,0,0,0.21739
NaN,27,21.875,25,18.077,20.75,NaN,17.333,20.625,18.75,19.167,22.2,NaN,21.19,20.5,10,19.211,20.357,16.25,18.81,20.882,20,16.923,20,15,19.333,16.739
NaN,48.333,43.333,55,45.769,46,NaN,47,48.75,63.75,32.5,45.4,NaN,45.238,44,70,47.632,42.857,44.375,37.619,43.235,48.75,40.385,40,40,47,44.783
NaN,0.33333,0,0,0,0.5,NaN,0,0,0,0,0.2,NaN,0,0.5,0,0,0,0,0.2381,0.58824,0,0,0,0,0.33333,0.21739
NaN,0.66667,0.20833,0,0,0,NaN,1,1.25,0,1.25,0.8,NaN,0.2381,1.25,0,0.26316,1.4286,3.125,1.9048,0.58824,5,0,1.5,0,2.6667,0.21739
NaN,15.333,16.042,2.5,6.5385,13.75,NaN,4,14.375,3.75,18.333,18.4,NaN,14.048,19.5,0,8.9474,21.071,9.375,18.095,21.765,3.75,4.2308,22.25,0,12.333,18.696
NaN,11.333,11.667,7.5,14.615,12,NaN,12.667,12.188,7.5,12.083,13.6,NaN,12.143,12,15,12.895,11.786,8.125,8.8095,12.941,11.25,14.231,11,0,12.333,11.957
39.375,24.643,10,25,13.571,4.2593,0,2.7273,4.2857,7.8571,8.6111,7.3913,3.5714,5.3125,5,0,0.83333,4.7059,3.2143,7.381,8,0,5,8.3333,0,2.2917,6.7857
61.875,54.286,44,60,54.762,55.926,48.333,49.773,61.071,50.714,41.667,45,51.905,47.812,45.312,50,39.444,54.706,42.143,44.524,42,48.75,40.312,46.458,41.875,43.333,43.929
6.25,7.8571,8.4,1.6667,6.1905,8.8889,1.6667,4.3182,4.6429,2.8571,3.0556,4.3478,2.619,1.875,7.1875,0,1.1111,2.9412,3.5714,1.9048,4,0,0.9375,2.5,0,0.20833,0.71429
14.375,10.357,11.6,15,11.667,12.037,15,15,8.9286,14.286,11.111,10.217,12.619,11.875,10.312,13.333,13.889,9.1176,10.357,11.19,8.3333,11.25,8.4375,12.708,9.375,10.625,9.6429
10,13.214,9.4,5,9.0476,7.4074,15,11.591,9.6429,9.2857,12.222,13.478,9.0476,5.9375,7.1875,13.333,12.5,7.9412,16.071,18.571,11.333,21.25,18.438,9.5833,16.25,11.875,7.1429
0,2.1429,1.8,0,1.6667,3.7037,0,1.3636,5.7143,0.71429,2.7778,8.4783,2.1429,5.3125,8.75,1.6667,4.1667,5.2941,2.8571,11.19,17.667,1.25,13.125,17.292,8.125,7.9167,11.964
1.25,1.0714,1,1.6667,3.0952,1.4815,1.6667,3.8636,2.5,4.2857,2.7778,1.9565,2.381,4.6875,3.4375,1.6667,3.8889,7.9412,1.0714,2.619,2,3.75,5.3125,8.3333,0.625,7.5,8.0357
9.375,3.2143,0,1.6667,1.1905,0.18519,0,0,0,7.8571,3.6111,0.86957,0.2381,1.5625,1.5625,0,0,0,15,7.381,2,0,6.875,2.2917,0,1.6667,0.71429
3.125,0.35714,0,1.6667,0,0,1.6667,0,0,2.8571,0.55556,0.21739,0.2381,0.625,0,0,0,0,3.2143,0.71429,0,0,0.9375,0.20833,0,0.20833,0
3.125,1.0714,1.6,0,3.8095,2.7778,5,1.8182,2.1429,2.8571,0.27778,1.9565,0.95238,2.5,3.75,0,0,2.0588,2.5,1.6667,1,1.25,1.875,1.4583,0,1.6667,1.7857
5,2.5,1.6,1.6667,2.1429,2.4074,0,1.3636,2.5,2.1429,1.1111,2.8261,2.8571,1.875,4.0625,0,1.9444,1.1765,3.9286,2.1429,1,0,1.25,0.625,3.125,3.3333,0.89286
15,16.429,19,33.333,26.905,24.074,21.667,20.682,29.286,16.429,18.056,24.565,23.571,21.875,21.562,16.667,17.778,22.647,20,21.905,25.667,18.75,21.875,23.958,13.75,18.125,22.857
0,0,0.2,0,0.47619,0.37037,0,0,0,0.71429,0,0.21739,0.47619,0.3125,1.25,0,0.55556,0.29412,0,0.2381,0.33333,0,0,0,0.625,0,0.17857
17.5,11.071,17,15,8.0952,16.481,6.6667,3.8636,15,11.429,14.722,23.261,5.9524,15.938,19.375,3.3333,6.1111,19.118,13.214,21.19,22,11.25,18.75,24.583,1.25,12.917,20.357
7.5,8.5714,15.2,13.333,11.905,16.852,16.667,15.455,14.643,11.429,9.1667,14.565,12.143,13.438,18.75,11.667,14.444,15.294,9.6429,9.2857,13.333,13.75,13.125,11.875,16.25,12.5,11.786
5.625,7.8571,9.6,6.6667,6.9048,9.2593,6.6667,10,11.071,6.4286,7.7778,6.7391,7.619,7.5,8.75,6.6667,8.6111,6.7647,8.9286,10,9.3333,3.75,6.5625,8.125,6.875,8.3333,6.6071
44,15.938,10.833,10,5.7143,7.8947,3,2.9412,3.913,9.1667,6.3158,5.9091,0,3.4783,7.7586,0,1.4286,9.7826,5,9.6154,9.0625,1.25,3.3333,6.5385,1,1.9565,6.3333
14,5.9375,11.667,2.5,10.238,9.7368,15,12.353,16.304,2.0833,5.7895,13.182,10,6.9565,11.379,10,18.095,15.435,4.5833,14.231,12.188,7.5,12.667,12.115,17,11.087,21.667
2,0.9375,0,0,0,0.78947,0,0.29412,0,0,0.26316,0.68182,0,0.21739,0.51724,0,0.2381,0.43478,0,0.38462,0.3125,0,0,0.19231,0,0.43478,0.33333
5,5.3125,5,7.5,6.4286,3.9474,12,5.5882,4.3478,5,4.4737,2.9545,10,4.1304,4.4828,0,4.0476,3.913,5.8333,6.5385,2.1875,3.75,3.6667,4.0385,3,4.5652,3.6667
9,15.312,11.25,7.5,16.667,14.211,11,16.176,8.913,8.75,16.579,17.727,23.333,14.348,11.897,20,13.095,9.5652,17.917,15,18.125,21.25,13.333,14.038,16,14.565,9
4,0,0,0,0.2381,0.78947,1,0,0,0,0,0,1.6667,0,0,0,0,0,0,0,0,0,0,0,0,0,0
2,0.625,0,0,0.2381,0,0,0.29412,0,7.9167,9.2105,0.45455,0,1.3043,0.17241,0,0.47619,0,15,10.385,2.8125,13.75,3.3333,1.7308,2,1.5217,2
0,0,0.41667,0,0.2381,0,0,0,0,0,0.78947,0,0,0.65217,0.51724,5,0,0,2.0833,0.38462,0,6.25,0,0.38462,4,0,0
19,12.812,12.917,12.5,12.381,12.632,14,10.294,11.739,10.417,10,11.136,15,10.217,10.69,20,10.952,10,9.5833,8.4615,9.0625,13.75,12,10,11,9.7826,7.3333
0,0,0,0,0.2381,0,0,0,0.21739,0.41667,0,0.22727,0,0,0.17241,0,0,0,0,0,0.3125,0,0,0,0,0,0
7,7.8125,16.667,0,3.8095,12.632,7,6.7647,15,1.25,15.789,22.5,6.6667,11.304,18.276,5,9.2857,16.522,15,19.615,24.062,12.5,12,21.923,7,11.087,21.667
9,13.438,12.917,12.5,13.81,11.842,12,14.706,12.174,11.667,10.789,12.273,11.667,12.174,13.103,5,15.714,11.739,8.75,9.2308,10.312,6.25,10.667,9.6154,13,12.174,14
0,0.625,0,0,1.4286,0,0,0.88235,0,0.41667,1.5789,0.22727,0,0.65217,1.3793,0,1.4286,1.087,2.0833,0.38462,1.875,0,3.6667,1.1538,1,1.087,2
0,0.3125,0,0,0.71429,0.26316,0,0,0.21739,2.0833,0.78947,0.22727,0,0.65217,0.34483,0,0.47619,0.21739,0.83333,0.38462,0.3125,0,0,0.19231,0,0.21739,0
0,0,0,0,0,0,NaN,0,0,0,0,0.17241,NaN,0,0,NaN,0,0,0,0,0.75,0,0.29412,0,NaN,0,0
0,1.0417,4.7059,0,1.3889,5.2381,NaN,0.29412,4.2857,2.5,1.5625,6.5517,NaN,7.1429,8.4091,NaN,4,9.7222,5.3571,8.6364,11.75,5,6.7647,12.727,NaN,7.1154,10.333
5,5,1.4706,0,0,0.2381,NaN,0,0,1.875,10.312,2.069,NaN,2.5,0.68182,NaN,0,1.3889,11.071,18.409,6,10,14.118,4.0909,NaN,6.5385,6
0.625,0,0,0,0.55556,0,NaN,0,0,0,0.625,0,NaN,0,0,NaN,0,0.55556,0,0.22727,0,0,0.58824,0.90909,NaN,0.19231,0
10.625,12.5,22.941,2.5,9.1667,20.238,NaN,16.176,17.5,11.25,23.75,24.828,NaN,17.143,22.955,NaN,15,23.333,10,25.227,28,10,23.824,25.682,NaN,21.154,27.667
0,4.375,4.4118,1.25,4.7222,9.0476,NaN,9.7059,7.5,1.875,3.4375,2.5862,NaN,5.3571,3.4091,NaN,1.6667,5,2.1429,2.2727,2.25,2,0.58824,3.6364,NaN,2.3077,1.3333
0,0,0,0,0,0,NaN,0,0,0,0,0,NaN,0,0,NaN,0,0,0,0,0,0,0,0,NaN,0,0
0,0,0,NaN,0,0,NaN,0,0,0,0,0,0,0,0,NaN,0,0.625,0,0,0,NaN,0,0,NaN,0,0
15.833,7.2727,4.0909,NaN,7.3077,5.4167,NaN,0.83333,2.5,2,3.1818,1.5385,0,5,3.8889,NaN,0.90909,5.625,5.8333,4.4444,1.875,NaN,3,3.75,NaN,1.7857,3.6364
35,42.727,40,NaN,36.923,37.5,NaN,36.667,39.375,24,41.364,44.231,35,45,39.444,NaN,38.182,41.25,30,37.778,46.875,NaN,38,39.375,NaN,36.071,40
23.333,26.818,25.455,NaN,26.923,26.25,NaN,17.5,26.875,24,30,26.923,18.333,26.667,27.222,NaN,23.636,26.25,26.667,25,24.375,NaN,23.5,27.5,NaN,24.286,28.182
46.667,48.182,45.909,NaN,49.615,38.333,NaN,50,36.875,51,46.818,39.615,53.333,45.833,43.889,NaN,51.818,43.75,54.167,42.222,44.375,NaN,50,40,NaN,50.714,43.182
0,0,0,NaN,0,0,NaN,0,0.625,0,0,0,0,0,0,NaN,0,0,0,0.55556,0,NaN,0,0.3125,NaN,0,0.90909
NaN,20.455,29.375,NaN,20.714,34.286,NaN,22.778,30.385,18.333,22.273,29.412,NaN,18.75,34.583,NaN,23.571,34.286,9.2857,23.214,24,NaN,13.125,25.909,15,21.875,30.312
NaN,6.3636,4.375,NaN,10.714,4.2857,NaN,13.333,5.3846,0,7.7273,7.9412,NaN,14.167,7.0833,NaN,12.857,12.857,11.429,6.4286,13,NaN,6.875,8.1818,10,5.625,4.6875
NaN,2.2727,3.75,NaN,2.1429,4.6429,NaN,3.8889,7.6923,0,6.8182,15,NaN,8.75,15.417,NaN,7.1429,11.786,4.2857,12.857,17.333,NaN,13.125,14.545,0,4.375,15.625
NaN,1.3636,0,NaN,0,0.35714,NaN,0,0,3.3333,2.7273,1.7647,NaN,0,0.41667,NaN,1.4286,0.71429,20.714,13.929,5.6667,NaN,3.125,5.4545,0,4.375,5
NaN,25.909,28.125,NaN,30,27.5,NaN,25,28.462,23.333,27.727,26.765,NaN,23.75,25.833,NaN,23.571,26.429,25,25.357,27.333,NaN,26.25,24.091,20,25.625,27.5
NaN,24.545,31.875,NaN,24.286,41.071,NaN,30.556,39.615,23.333,29.091,42.647,NaN,24.583,39.583,NaN,32.143,42.5,27.143,37.143,41,NaN,22.5,41.818,30,34.375,50.625
NaN,0.45455,2.5,NaN,1.4286,5,NaN,2.7778,2.3077,1.6667,1.3636,2.0588,NaN,1.25,2.0833,NaN,4.2857,2.1429,2.8571,1.0714,1.6667,NaN,0,2.7273,0,3.125,1.25
NaN,35,30.625,NaN,37.143,33.929,NaN,33.333,32.308,30,35.455,39.412,NaN,37.917,41.25,NaN,37.143,40.357,28.571,32.5,40.667,NaN,41.875,39.091,30,33.125,33.75
NaN,21.364,26.25,NaN,19.286,28.571,NaN,22.778,27.692,26.667,26.818,27.353,NaN,27.917,34.583,NaN,22.143,31.786,30,26.786,26,NaN,23.125,26.364,25,20.625,27.188
NaN,0,0.625,NaN,0,0.35714,NaN,0.55556,0,1.6667,0,0,NaN,0,0.41667,NaN,0,0.35714,0.71429,0.71429,0,NaN,0,0,0,0,0
NaN,25.455,23.125,NaN,30,29.643,NaN,31.667,31.538,23.333,26.364,30.294,NaN,30,22.917,NaN,29.286,32.5,27.143,25.357,26.667,NaN,23.75,26.818,40,27.5,26.25
NaN,21.818,16.875,NaN,29.286,19.286,NaN,23.333,20,21.667,20.455,21.765,NaN,18.75,15.833,NaN,24.286,22.5,27.143,21.429,18,NaN,17.5,18.182,25,18.75,17.188
NaN,1.3636,4.375,NaN,2.8571,3.2143,NaN,1.1111,1.5385,1.6667,2.7273,2.0588,NaN,3.3333,2.5,NaN,1.4286,1.4286,4.2857,3.2143,2,NaN,1.875,1.8182,10,3.75,2.5
NaN,6.8182,10.625,NaN,7.8571,12.143,NaN,10,13.846,0,2.7273,6.1765,NaN,4.1667,7.0833,NaN,5,8.5714,0,1.4286,5.6667,NaN,1.875,9.0909,0,5.625,6.875
NaN,3.1818,5.625,NaN,0.71429,7.8571,NaN,1.1111,3.0769,0,4.5455,6.7647,NaN,2.5,4.5833,NaN,0.71429,3.5714,5,4.2857,6,NaN,8.75,6.8182,0,0.625,9.0625
0,9.0909,7.5,35,9.4444,9.1667,NaN,8.8889,16.818,8,6.8182,9.5833,NaN,7.1875,10.714,NaN,11.111,16.875,6.875,8.4211,10.25,1.4286,11.176,14.706,0,8.6667,16.5
70,41.364,40,30,38.889,50,NaN,40,38.636,41,32.727,43.125,NaN,43.125,40.714,NaN,40,37.5,39.375,31.053,31.5,44.286,32.941,32.059,40,37,33.5
0,9.5455,9.5455,0,15.556,16.944,NaN,12.778,23.636,2,15,12.917,NaN,14.062,17.857,NaN,17.222,23.125,19.375,18.421,13.25,8.5714,17.941,17.353,0,15.333,18.5
27.5,30.909,38.636,25,26.667,28.611,NaN,21.111,28.182,26,29.545,32.5,NaN,23.75,32.857,NaN,18.889,26.875,19.375,25.526,33.75,17.143,25.882,31.471,15,20.333,27
7.5,7.2727,12.5,0,12.778,6.3889,NaN,16.111,7.2727,12,8.1818,8.9583,NaN,11.562,6.0714,NaN,15,5.3125,14.375,5.2632,7.5,17.143,5,4.4118,25,13,4.25
17.5,14.545,11.591,15,11.111,9.1667,NaN,14.444,8.6364,20,10,12.083,NaN,17.188,17.143,NaN,13.333,14.688,16.875,15.789,15.5,20.714,18.235,16.471,15,14.667,18.5
45,25,27.273,90,26.667,21.944,NaN,22.778,22.727,28,30.455,28.125,NaN,31.875,30.357,NaN,32.222,23.125,32.5,30.263,30.5,29.286,40.588,30,30,39.667,32.25
0,0,0,0,0,0,NaN,0,0,0,0,0,NaN,0,0.71429,NaN,0,0,0,0.26316,0,0,0,0.29412,0,0,0
32.5,28.636,29.091,30,23.889,27.222,NaN,26.667,27.273,31,30.455,29.167,NaN,24.062,29.286,NaN,27.222,28.75,26.25,25.263,28.5,22.143,28.235,26.176,25,25.333,28.5
0,9.5455,18.636,NaN,15.909,17.667,NaN,8.3333,22.632,7.5,14.4,18.333,0,10.909,22.941,NaN,15,28.182,9.375,16.522,18.654,NaN,19.5,23.929,NaN,18.333,24.545
75,51.818,34.545,NaN,25.909,25.333,NaN,21.667,27.632,42.5,33.4,30.952,15,23.636,31.176,NaN,20.625,25.227,29.375,35.652,31.731,NaN,20.5,25.536,NaN,25,16.364
50,34.545,15,NaN,30.909,15,NaN,20.833,13.158,25,24.6,17.381,35,25.455,25,NaN,27.5,15,33.125,28.043,22.692,NaN,21,20,NaN,25,22.273
5,9.5455,9.0909,NaN,12.727,9.6667,NaN,6.6667,15.263,7.5,9.2,10.714,0,10.909,12.059,NaN,10.625,14.773,6.875,10.435,8.6538,NaN,10,14.643,NaN,15.833,19.545
60,37.727,27.727,NaN,33.636,29.667,NaN,38.333,24.211,32.5,23.2,27.143,25,24.091,23.529,NaN,28.125,19.091,28.125,26.522,28.077,NaN,27,24.643,NaN,28.333,22.727
5,12.273,16.364,NaN,17.273,18.333,NaN,11.667,20.263,7.5,15.8,16.905,0,10.909,20.294,NaN,15,23.864,11.25,17.609,17.5,NaN,16.5,22.143,NaN,20,17.727
20,13.636,0.45455,NaN,12.727,4,NaN,4.1667,3.1579,0,2.4,2.381,10,0.45455,4.4118,NaN,0.625,2.9545,5,1.7391,1.5385,NaN,1,1.7857,NaN,0.83333,1.3636
0,11.818,11.818,NaN,16.364,18.333,NaN,20,19.211,10,17.2,12.381,0,21.818,17.059,NaN,16.875,23.636,16.875,18.478,13.462,NaN,22,20.357,NaN,16.667,23.636
0,3.1818,5.9091,NaN,2.2727,3.3333,NaN,7.5,2.6316,12.5,7.8,9.2857,10,8.1818,5.2941,NaN,9.375,5,8.75,5,5,NaN,7,5.5357,NaN,6.6667,5.4545
0,0.90909,0,NaN,0,0.33333,NaN,0,0,2.5,0.8,0.71429,0,0.90909,0.58824,NaN,0.625,0.22727,0,0.21739,0.96154,NaN,0,0.71429,NaN,0,0
10,20.909,19.545,NaN,19.091,22.333,NaN,15,18.947,17.5,16,19.286,5,13.636,15.882,NaN,19.375,16.591,16.875,17.391,19.231,NaN,17.5,20.357,NaN,17.5,21.818
0,8.1818,11.818,NaN,5,9,NaN,4.1667,10,7.5,8.8,11.429,0,5.4545,13.235,NaN,2.5,10.227,4.375,10.217,11.923,NaN,9.5,11.607,NaN,0.83333,9.0909
40,25.909,25,NaN,26.818,30.333,NaN,27.5,25.526,30,24.8,29.048,25,26.364,26.471,NaN,24.375,26.136,26.25,26.522,26.154,NaN,26,25,NaN,31.667,27.727
0,0.33333,0,0,0,0,NaN,0.37037,0,0,0,0,0,0,0,NaN,0,0,0,0,0,0,0,0,0,0,0
2.5,4.3333,2.2222,0,2.5,1.2963,NaN,0,0.6,5,8.6111,2.9688,0,4.25,3.75,NaN,0.27778,0.96774,17.273,15,10,5,7.7083,12.794,2.5,4.0385,5.8621
2.5,6.3333,8.3333,0.625,1.25,9.6296,NaN,6.1111,15,0,3.8889,7.5,0,4,12.5,NaN,5.2778,16.129,1.8182,3.5294,10,3.5714,6.4583,14.265,0,7.5,16.724
35,26,21.389,28.125,25.938,21.852,NaN,27.037,24,23.571,24.444,22.188,22.5,20.5,23.036,NaN,22.778,21.452,20,23.971,26.458,15.714,21.667,22.941,15,20.577,23.103
35,30,27.222,25.625,28.125,24.444,NaN,25.185,22,30.714,25.278,26.875,27.5,19.75,25.536,NaN,21.389,22.581,27.727,25.588,26.875,26.429,23.75,24.853,25,22.115,24.483
21.25,14.667,13.611,12.5,12.812,15.185,NaN,10.556,18.6,8.5714,14.444,15.938,2.5,14.5,18.571,NaN,14.167,18.065,12.273,17.059,15,15.714,19.167,20.882,10,18.846,20.862
35,34,42.778,36.25,33.125,37.222,NaN,34.444,31.8,35.714,41.111,45.156,32.5,34.5,40.714,NaN,36.111,31.452,33.182,43.088,47.083,27.857,36.667,38.676,32.5,34.231,33.966
16.25,12,21.667,8.75,10.938,23.889,NaN,11.111,23.4,8.5714,21.111,25.156,2.5,15,26.964,NaN,25.556,24.516,13.182,23.382,28.75,11.429,23.125,29.265,7.5,21.538,31.379
10,11,12.5,7.5,11.875,17.222,NaN,11.852,23.8,9.2857,14.167,15.156,2.5,11.25,21.071,NaN,18.611,17.419,6.3636,10.882,18.958,7.1429,12.083,22.5,5,14.231,23.448
16.111,12.727,12.273,NaN,21.111,16.071,NaN,22.5,10.667,11,18.333,20.882,NaN,18.75,23.75,NaN,16.5,25,1.4286,17.5,18.75,NaN,14.643,25.357,10,21.818,31.25
3.3333,3.1818,5.4545,NaN,6.6667,4.6429,NaN,0.625,3.6667,4,5,11.471,NaN,5,6.25,NaN,3.5,4.2857,3.5714,12,17.5,NaN,7.1429,12.857,0,4.5455,3.125
0,0.45455,0.45455,NaN,0,0,NaN,0,0.33333,1,5,3.2353,NaN,0,1.875,NaN,0,0,3.5714,12,8.125,NaN,3.9286,4.6429,0,0.90909,1.25
0.55556,2.2727,0.45455,NaN,1.6667,0.35714,NaN,0,0,2,5,0,NaN,0,0.625,NaN,0.5,0,1.4286,0.5,0,NaN,1.0714,2.1429,0,0.45455,0
14.444,12.273,19.091,NaN,12.778,23.214,NaN,13.125,21,8,13.333,19.706,NaN,18.125,20,NaN,19.5,19.643,10.714,16,22.5,NaN,15.714,20,12.5,17.273,22.5
1.6667,0.90909,3.6364,NaN,2.7778,5,NaN,0.625,2.3333,0,5.8333,5.2941,NaN,2.5,4.6875,NaN,1.5,1.0714,1.4286,5,2.5,NaN,4.6429,5.3571,2.5,2.2727,4.375
0,0,0,NaN,0,0,NaN,0,0.66667,0,0,0.29412,NaN,0.625,0,NaN,0.5,0.35714,0,0,0,NaN,0.35714,0,0,0,0
0.55556,0,0,NaN,0,0,NaN,0,0,0,0,0,NaN,0,0,NaN,0,0.35714,0.71429,0,0,NaN,0.35714,0,0,0,0
1.1111,4.0909,4.0909,NaN,1.1111,4.6429,NaN,2.5,1.6667,0,10,12.647,NaN,2.5,12.188,NaN,4,7.1429,0,6,12.5,NaN,4.2857,13.929,5,6.8182,11.25
0,0,1.3636,NaN,0,0.35714,NaN,0,0.33333,0,1.6667,0,NaN,0,0.3125,NaN,0,0.35714,0,0,0.625,NaN,0.35714,1.0714,0,0.45455,1.25
0.55556,3.6364,3.1818,NaN,2.2222,2.5,NaN,0.625,4,3,7.5,2.9412,NaN,3.75,3.4375,NaN,3,2.5,1.4286,2.5,1.875,NaN,2.5,3.9286,0,1.3636,1.25
27.778,10,6.8182,NaN,17.778,7.8571,NaN,18.125,6.6667,6,4.1667,2.6471,NaN,12.5,6.875,NaN,9,7.5,1.4286,1,1.875,NaN,1.4286,3.2143,0,1.3636,5.625
0.55556,0.45455,0.45455,NaN,0,0.35714,NaN,0.625,0.33333,0,0.83333,0.58824,NaN,0,0,NaN,0,0,0,2,0,NaN,0,0.35714,2.5,0,0
21.667,23.182,16.364,NaN,20.556,16.071,NaN,16.25,11,26,21.667,15.882,NaN,13.75,14.062,NaN,23.5,17.857,27.143,21,13.75,NaN,27.143,20.357,30,30.909,20.625
13.182,12.083,14.375,9.5,12.857,15,NaN,10.714,15,14.13,17.368,16,7.8571,10.769,15.667,7.5,13.214,14.722,14.444,19.722,17.333,15,15.312,20.333,NaN,18.182,14.615
1.8182,5,6.25,2,2.8571,1.9231,NaN,1.0714,3.3333,3.0435,3.1579,12.667,2.1429,2.6923,6.6667,2.5,0,6.1111,7.5,10.556,17.667,9,7.5,14.667,NaN,4.0909,5.7692
0.22727,2.0833,5,2,1.6667,1.9231,NaN,0.71429,1.25,0.21739,1.0526,1.3333,2.1429,0.38462,2.3333,0,0,1.9444,0,0.27778,1,0,0,1.3333,NaN,0,1.1538
0,0.83333,3.75,0.5,1.4286,4.2308,NaN,0.71429,3.3333,0.21739,0,1.3333,0,0,1.3333,0,0.35714,1.3889,0,0.27778,0.33333,0,0,0,NaN,0,1.1538
13.636,17.083,6.875,24,15.238,11.538,NaN,9.2857,13.333,14.13,7.3684,12,20.714,5,13.333,27.5,11.429,13.056,13.056,9.7222,16,15,6.5625,10.333,NaN,9.5455,4.6154
5.4545,3.75,3.125,5.5,3.5714,7.3077,NaN,5,4.1667,1.5217,2.6316,1.6667,0.71429,5.3846,2.3333,2.5,2.1429,3.8889,2.5,3.0556,2,0,1.875,1.6667,NaN,2.7273,5
5.2273,7.5,15.625,5,11.19,16.154,NaN,11.786,13.333,8.913,8.9474,20,14.286,16.538,20,7.5,10.357,19.444,10.556,16.111,17,4,13.125,15.667,NaN,14.545,19.615
0.22727,2.9167,1.875,0,4.0476,3.8462,NaN,3.5714,1.6667,0.65217,1.0526,0.33333,2.1429,1.1538,1.3333,0,1.7857,2.5,0.55556,1.6667,1,0,0.3125,1.6667,NaN,0,0.38462
42,39.118,33.75,47.857,40.952,31.667,50,40.238,33.75,51.304,34,33.611,65,40,28.947,65,43.529,30.417,50.357,35.8,25,52.188,46.364,30.741,NaN,45,29.423
2.5,1.7647,4.1667,2.8571,2.1429,6.4583,0,1.1905,1.25,4.1304,6,13.889,5,5.9375,15.526,0,4.7059,8.9583,8.9286,17.8,17.917,7.8125,9.5455,13.333,NaN,2.6667,11.538
12.5,4.7059,4.5833,5,4.7619,5.625,2.5,2.1429,3.75,11.739,8,13.056,10,7.5,4.2105,0,8.2353,2.9167,11.786,8,8.3333,12.5,2.2727,5.3704,NaN,12.667,5.7692
0,0.29412,0,0,0,0.41667,0,0.2381,0,0,0,0.55556,0,0,0.78947,0,0,0.20833,0.71429,0,0,0.3125,0,0.74074,NaN,0,0
4.25,14.706,26.667,5,6.1905,22.083,25,15.952,17.812,3.2609,22,29.722,0,13.75,29.211,0,19.412,27.917,15.357,27.8,36.25,12.5,19.091,32.037,NaN,26.333,30.577
0.25,7.6471,2.9167,2.1429,10.714,8.9583,2.5,11.905,14.375,1.3043,6.3333,3.6111,0,5,6.5789,0,5.8824,12.917,1.4286,3,3.3333,0.3125,3.6364,7.037,NaN,3.3333,10
15.25,14.706,15.833,6.4286,16.905,18.958,7.5,15.952,21.25,18.043,20.333,26.667,10,14.688,20.526,5,15.294,22.917,14.643,18.8,25,18.75,17.727,18.519,NaN,14.333,20.192
0.25,1.1765,0.41667,0,0.47619,2.7083,0,1.9048,0,1.087,0,0.83333,0,0.625,0,0,0.58824,0.20833,0.35714,0.2,0,0,0,0,NaN,1.6667,0.38462
11,18.333,30,15,12.778,23.75,7.5,15.5,20.625,5,15,31.25,5.625,13.182,22.5,13.75,8.3333,22.143,8.125,23.571,31.875,8.75,15,24.091,7.1429,11.364,24.444
0,0,0.71429,1.25,1.1111,2.9167,0,0,3.125,0,2.5,1.25,1.25,0,1.875,0,1.1111,0,0,2.8571,1.25,0.625,0,0.45455,0.71429,1.8182,1.1111
31,41.667,35.357,26.25,38.889,37.5,30,37,31.25,31.429,38.333,40,34.375,36.364,39.375,33.75,37.778,35.714,31.875,41.429,45,32.5,37.5,43.636,36.429,35.455,36.667
10.882,14.667,23.667,9.6154,10.5,16.19,NaN,13.214,16.905,10.208,12.25,27.857,9.3333,4.6875,21.667,0,13.214,21.176,10.714,15,24.048,9.0625,12.5,20.962,NaN,11.19,9.6875
3.8235,2.6667,6.6667,3.4615,5,3.8095,NaN,2.5,3.0952,8.125,3.5,5.4762,3.3333,11.875,3.0556,5,2.5,0.88235,4.5238,4.5455,5.4762,2.8125,5.9375,5,NaN,5.2381,12.812
2.3529,2.3333,2.3333,3.8462,2,5.4762,NaN,7.1429,3.8095,0.83333,0.25,2.8571,0.66667,3.75,5.5556,0,7.1429,5.2941,1.4286,3.6364,3.0952,0.625,4.0625,8.8462,NaN,5.4762,10.938
0,0,0,0,0,0,NaN,0,0,0,0,0,0,0,0,0,0,0,0,0,0,0,0,0,NaN,0,0
0,0,0,0,0,0,NaN,0,0,0,0,0,0,0.3125,0.27778,0,0,0.29412,0,0,0.2381,0,0,0.19231,NaN,0,0
12.647,12.667,7,7.3077,12,7.381,NaN,10,5.2381,10.833,12.25,11.19,11.333,11.875,6.3889,0,6.4286,3.8235,10.952,10,11.905,6.25,6.875,10.385,NaN,5.2381,7.1875
26.765,6.6667,3,22.308,12,7.8571,NaN,8.2143,8.8095,20.417,9.75,5,19,1.875,1.6667,0,10.357,4.1176,19.524,13.182,1.1905,19.062,5,1.5385,NaN,6.1905,0.3125
0.88235,0.33333,0.33333,0.76923,1,0.47619,NaN,1.0714,1.4286,0.41667,1.25,0.95238,1,0.625,0,5,0.35714,0.88235,0.95238,1.8182,1.4286,0.625,1.5625,0.19231,NaN,1.1905,1.875
0,0.66667,1.6667,0,0.5,0.71429,NaN,0,1.1905,0.41667,1,2.8571,0,1.25,1.1111,0,2.5,0.29412,0,0.45455,1.4286,0,1.5625,1.1538,NaN,0.71429,1.5625
26.765,30.667,30.333,27.308,30.5,28.333,NaN,26.786,25,25,32,33.81,29.667,42.5,33.889,45,32.857,30.294,24.524,33.182,41.667,30.938,32.5,38.654,NaN,31.667,38.125
6.9048,4.0625,1.4,4.0741,4.8077,2.9688,4.5833,5.4348,3.5938,8.1818,4.0385,3.0303,7.9167,5.7143,3.3333,10.652,7.4138,6.2,9.0909,10.588,5.2,9.8438,13.077,7.2222,15.227,12.941,12.593
13.571,13.125,8.2,11.667,15,20.938,16.875,27.174,27.188,5.4545,11.346,14.242,5.4167,15.714,21.944,17.391,29.828,30.4,6.8182,15,18.4,5.9375,16.154,18.148,15.909,18.971,31.481
1.6667,0.9375,2,0,1.9231,2.0312,0,1.3043,2.9688,0.22727,1.1538,0.90909,0,1.1905,1.3889,0.21739,1.8966,5,0.22727,1.4706,4,0,4.0385,3.3333,0.68182,0.88235,5.7407
26.905,32.188,34.2,28.519,28.269,33.594,32.5,30.87,30.781,24.091,36.154,40.909,28.75,38.81,40.278,36.522,35.862,37.4,25,38.235,48.2,30,38.269,40.926,30.909,35.294,36.481
4.0909,4.1176,5.25,6.3889,6.1538,4.2105,12.5,5,6.1538,10.667,8.5714,9.5,4.3333,7.8947,8.3333,3.3333,3.5714,4,11.944,8.6364,12.5,6.9444,11.667,4.3333,11.667,4.6667,3.125
0.90909,0,0,0,0,0,0,0.35714,0,0,0.2381,0,0,0,0,3.3333,0,0.25,0,0,0,0,0,0,0,0,0.3125
20.455,17.647,26,17.5,21.923,28.947,15,41.429,52.308,16.333,18.095,34,14.667,27.368,38.667,20,45.714,45.75,18.611,36.818,37.857,14.444,37.667,44.333,30,52.333,45.625
0,0.29412,0.25,0,0.38462,0.26316,0,0.71429,0,0,0.2381,0.75,0,0.26316,0.66667,1.6667,0,1,0,0,1.0714,0,0.66667,0.33333,0,0.33333,1.25
27.727,25,28,28.611,26.538,28.421,30,25.357,24.615,28.333,26.905,28.25,28,27.895,28.333,26.667,25.476,26.5,29.444,25.455,28.214,29.167,29,27.333,26.667,27.667,25.938
0,0,0.5,0,0,0.26316,0,0.71429,1.5385,0,0.47619,1.25,0,0.26316,1.3333,0,0,1.5,0.27778,3.6364,0.35714,0.27778,1.6667,0,1.6667,1,3.125
16.364,10,4.75,13.889,9.6154,4.2105,10,8.5714,9.2308,16.333,12.381,8.5,16.333,13.947,10.333,6.6667,5.7143,5,9.1667,15.909,7.5,6.9444,8.6667,6.3333,10,10.667,5.625
0,0,0,0.55556,0,0.26316,0,0.35714,0.76923,1,0.47619,0,1.3333,0.52632,0.33333,0,0,0,2.7778,1.8182,0.35714,3.3333,4.3333,0,0,1.6667,0.625
37.273,24.706,20.25,39.722,28.462,25.263,37.5,27.857,31.538,38,23.333,15,37.667,25.263,19.333,25,16.429,15,30.278,17.727,8.2143,29.444,17.667,9.3333,16.667,12.333,10
0,1.4706,1.5,0.83333,1.9231,0.78947,0,1.0714,1.5385,0.33333,1.6667,0.5,1.3333,2.8947,3.3333,1.6667,0.47619,1,1.1111,2.7273,3.2143,2.2222,2.6667,2,1.6667,1,2.1875
33.182,35.294,39,33.056,33.077,38.421,32.5,34.643,35.385,32.333,40.952,44.5,36.667,41.579,48.667,45,38.571,41.25,32.222,45,50.714,33.056,41.667,42.667,38.333,42,38.125
0,0,0,0,0.19231,0.22727,0,0.17857,0.21739,0,0.20833,0,0,0.2,0,0,0.15152,0,0,0.17241,0.2,0,0.25,0,0,0,0
13.704,10.806,4.1379,11.774,10.769,7.7273,13.636,10.714,9.5652,13.966,11.458,6.4583,13.966,17.2,9.3182,14.375,19.242,12,21,16.207,8.4,18.276,19,14.286,20,21.19,10.833
27.593,15.806,24.655,8.0645,21.923,35.227,15.909,20.536,34.565,5.3448,15.833,33.125,5.8621,20.2,46.591,10.625,31.061,43.6,11.4,20.862,34.6,6.3793,15.25,37.5,23,31.905,53.125
0,0.16129,0,0,0.19231,0,0,0,0.21739,0,0,0,0,0,0.22727,0,0,0,0.2,0,0,0,0,0,0,0.2381,0.625
13.704,8.7097,7.7586,12.419,9.4231,9.3182,12.955,7.1429,7.3913,11.724,10.417,5.8333,13.103,7.8,5.4545,9.0625,10.303,6.6,9.4,7.931,5.8,12.241,12.5,6.7857,11.75,9.7619,7.0833
1.4815,1.129,0.68966,0.96774,0.76923,0.45455,0.22727,1.25,0.65217,1.5517,0.41667,1.0417,0.86207,1.8,2.2727,0.625,0.60606,0.4,2.8,0.68966,1,0.68966,1.25,0.89286,0.25,0.95238,1.0417
45.926,28.871,19.655,48.065,36.538,29.545,39.545,38.571,31.957,44.655,33.542,13.333,49.655,31,22.727,40.938,30,24,36.4,26.897,9.2,44.31,26,10.893,29.75,23.81,5.625
35.926,40.645,45,38.065,35,37.273,44.091,33.75,36.087,38.793,44.792,50.208,36.379,38.2,42.727,42.812,36.515,40.6,35.4,47.241,51.2,36.207,41.25,48.214,42.25,38.333,43.125
6.9444,7,1.2963,5.1852,3.3333,1,8.0769,7.963,3.3333,11.389,8.1481,3.0435,8.1579,10,4.6296,9.4231,10.312,7.3333,12.273,13.519,7.5,10.714,17.115,8.8095,11.731,16.042,12.167
21.111,24,21.481,18.519,19.375,37.2,5.7692,25.185,39.583,15.556,14.074,23.478,6.3158,23.5,43.333,13.462,25.156,40.333,8.8636,22.037,36.346,5.8929,22.692,41.429,11.538,29.792,53.833
16.944,22.8,23.704,17.222,20.625,23.8,21.538,20.37,23.333,13.75,15.741,17.391,14.737,11,17.222,13.846,13.438,16.333,12.5,11.667,12.885,11.071,10,10.952,9.8077,7.7083,6.5
0,0,0,0,0,0,0,0,0,0,0,0,0,0,0,0,0,0,0,0,0,0,0,0,0,0,0.16667
0,0.6,0.37037,0.55556,1.4583,2.2,0.38462,2.7778,3.75,0.27778,2.2222,0,0.52632,3.25,4.2593,0.19231,0.46875,5,0.45455,1.4815,1.5385,0.71429,2.1154,4.7619,0,2.2917,5.6667
33.056,23.8,14.444,36.481,25.208,24,38.654,32.222,28.125,31.25,30,13.043,34.211,27,15.37,36.731,27.188,18,31.136,18.519,12.5,33.036,18.846,5.2381,37.308,21.25,8
33.889,35,41.667,30.185,36.667,36.4,31.538,32.407,32.708,29.722,37.778,42.826,29.211,37,39.815,33.269,33.125,35,31.818,40,45.769,30.893,38.077,43.333,30.962,31.875,37.333
14.167,20,21.607,19.583,22.619,22.2,20,21.2,17.8,10.4,13.2,16.923,12.931,13.2,14.038,12.667,12.667,15.333,10.962,9.3478,8.4375,7.4,9.4444,7.3684,6.8,5.9259,6.1905
7.5,5.6,4.6429,7.5,11.429,14,5.4167,8,14.4,16.6,14.6,6.9231,13.448,15.8,14.038,6.3333,13.333,17.833,20,18.696,12.188,15.6,13.519,20.263,14.2,12.037,21.429
1.0417,0.2,1.7857,0,2.8571,6,0,0,4.2,1.8,1.2,3.4615,0.34483,4.2,4.2308,0,3,4.1667,0.57692,2.6087,1.25,0.4,1.6667,6.0526,0,1.4815,4.2857
31.875,24.4,20.357,34.583,34.286,29.6,33.75,30.6,27.6,32.8,28.4,17.5,36.207,29.2,17.885,30,27.167,27.5,31.346,14.783,9.2188,28.8,27.778,10.526,30.8,21.111,13.333
0.20833,0.6,0,0.625,0,0,0.41667,0.8,0.2,0,0,0.19231,0.17241,0,0,0.33333,0.16667,0.16667,0,0,0,0,0,0,0.6,0,0.2381
7.5,4,2.1429,11.042,6.4286,3.6,9.5833,6.4,5.4,7.4,5,3.4615,11.724,7.4,4.0385,12.667,7,4.1667,12.5,4.1304,2.8125,11.2,3.1481,3.9474,11.6,5.3704,3.0952
16.574,NaN,47.812,NaN,NaN,NaN,20.089,NaN,40.932,NaN,NaN,NaN,NaN,18.922,NaN,NaN,NaN,NaN,13.438,NaN,37.188,NaN,NaN,NaN,16.418,NaN,49.615
1.9444,NaN,2.8125,NaN,NaN,NaN,1.6071,NaN,1.6949,NaN,NaN,NaN,NaN,1.3725,NaN,NaN,NaN,NaN,3.6458,NaN,5.3125,NaN,NaN,NaN,2.7612,NaN,3.1538
7.037,NaN,14.688,NaN,NaN,NaN,4.4643,NaN,7.9661,NaN,NaN,NaN,NaN,5.9804,NaN,NaN,NaN,NaN,8.3333,NaN,13.438,NaN,NaN,NaN,4.4776,NaN,16.077
3.0556,NaN,10.312,NaN,NaN,NaN,4.6429,NaN,13.475,NaN,NaN,NaN,NaN,8.3333,NaN,NaN,NaN,NaN,1.9792,NaN,6.5625,NaN,NaN,NaN,4.4776,NaN,18.923
0.092593,NaN,1.875,NaN,NaN,NaN,0.17857,NaN,1.1017,NaN,NaN,NaN,NaN,0.29412,NaN,NaN,NaN,NaN,0,NaN,0.3125,NaN,NaN,NaN,0,NaN,0.23077
33.981,NaN,9.375,NaN,NaN,NaN,21.696,NaN,10.932,NaN,NaN,NaN,NaN,21.275,NaN,NaN,NaN,NaN,36.562,NaN,21.875,NaN,NaN,NaN,26.119,NaN,16.077
3.4259,NaN,11.25,NaN,NaN,NaN,12.143,NaN,14.407,NaN,NaN,NaN,NaN,10.098,NaN,NaN,NaN,NaN,1.4583,NaN,9.6875,NaN,NaN,NaN,8.1343,NaN,10.231
14.815,NaN,38.125,NaN,NaN,NaN,19.107,NaN,36.864,NaN,NaN,NaN,NaN,25.098,NaN,NaN,NaN,NaN,18.333,NaN,44.062,NaN,NaN,NaN,23.358,NaN,46.769
0.18519,NaN,0.40984,NaN,NaN,NaN,0.17544,NaN,0.17544,NaN,NaN,NaN,NaN,0,NaN,NaN,NaN,NaN,0,NaN,0.50847,NaN,NaN,NaN,0,NaN,0.14925
23.519,NaN,25.574,NaN,NaN,NaN,19.386,NaN,23.596,NaN,NaN,NaN,NaN,33.235,NaN,NaN,NaN,NaN,27.647,NaN,29.237,NaN,NaN,NaN,21,NaN,28.955
16.759,NaN,33.525,NaN,NaN,NaN,20.877,NaN,42.895,NaN,NaN,NaN,NaN,41.765,NaN,NaN,NaN,NaN,31.765,NaN,40.424,NaN,NaN,NaN,21.833,NaN,46.567
12.778,NaN,4.1803,NaN,NaN,NaN,7.193,NaN,3.9474,NaN,NaN,NaN,NaN,9.1176,NaN,NaN,NaN,NaN,21.471,NaN,8.0508,NaN,NaN,NaN,12.167,NaN,9.5522
0,NaN,0.7377,NaN,NaN,NaN,0,NaN,0.70175,NaN,NaN,NaN,NaN,0,NaN,NaN,NaN,NaN,0,NaN,1.1017,NaN,NaN,NaN,0,NaN,0.22388
9.9315,NaN,8.8095,NaN,NaN,NaN,13.049,NaN,17.692,NaN,NaN,NaN,NaN,12.239,NaN,NaN,NaN,NaN,7.6471,NaN,13.311,NaN,NaN,NaN,9.0476,NaN,20
8.9041,NaN,5,NaN,NaN,NaN,2.1341,NaN,7.1429,NaN,NaN,NaN,NaN,7.6866,NaN,NaN,NaN,NaN,8.0882,NaN,8.8514,NaN,NaN,NaN,2.381,NaN,12.744
0.20548,NaN,6.1905,NaN,NaN,NaN,0.36585,NaN,4.5604,NaN,NaN,NaN,NaN,2.5373,NaN,NaN,NaN,NaN,0.36765,NaN,1.3514,NaN,NaN,NaN,0.95238,NaN,3.7805
12.192,NaN,14.048,NaN,NaN,NaN,3.9634,NaN,17.473,NaN,NaN,NaN,NaN,9.2537,NaN,NaN,NaN,NaN,8.75,NaN,17.027,NaN,NaN,NaN,4.0476,NaN,20
0.75342,NaN,2.8571,NaN,NaN,NaN,5.061,NaN,9.1209,NaN,NaN,NaN,NaN,2.6119,NaN,NaN,NaN,NaN,0.22059,NaN,1.9595,NaN,NaN,NaN,1.4286,NaN,5.061
1.5068,NaN,0.47619,NaN,NaN,NaN,2.0122,NaN,1.8681,NaN,NaN,NaN,NaN,2.9104,NaN,NaN,NaN,NaN,2.0588,NaN,1.7568,NaN,NaN,NaN,2.381,NaN,2.5
13,NaN,15,NaN,NaN,NaN,12.5,NaN,13,NaN,NaN,NaN,NaN,14.904,NaN,NaN,NaN,NaN,10.333,NaN,16.111,NaN,NaN,NaN,9.9057,NaN,19.808
24,NaN,19.8,NaN,NaN,NaN,13.854,NaN,11.333,NaN,NaN,NaN,NaN,12.404,NaN,NaN,NaN,NaN,11,NaN,21.481,NaN,NaN,NaN,12.17,NaN,15.096
38.182,NaN,34.5,NaN,NaN,NaN,29.583,NaN,39.667,NaN,NaN,NaN,NaN,36.25,NaN,NaN,NaN,NaN,32,NaN,39.444,NaN,NaN,NaN,30.189,NaN,37.404
13.091,NaN,16.6,NaN,NaN,NaN,15.521,NaN,22.333,NaN,NaN,NaN,NaN,18.75,NaN,NaN,NaN,NaN,10.667,NaN,17.407,NaN,NaN,NaN,13.679,NaN,23.846
13.364,NaN,18,NaN,NaN,NaN,8.3333,NaN,17,NaN,NaN,NaN,NaN,14.519,NaN,NaN,NaN,NaN,12.667,NaN,22.407,NaN,NaN,NaN,5.6604,NaN,23.077
31.545,NaN,25.5,NaN,NaN,NaN,31.875,NaN,23.667,NaN,NaN,NaN,NaN,27.596,NaN,NaN,NaN,NaN,33,NaN,21.296,NaN,NaN,NaN,36.415,NaN,25.865
7.8182,NaN,7.5,NaN,NaN,NaN,10.833,NaN,13,NaN,NaN,NaN,NaN,9.2308,NaN,NaN,NaN,NaN,9.3333,NaN,6.9444,NaN,NaN,NaN,12.075,NaN,11.346
2.8182,NaN,7.6,NaN,NaN,NaN,5.8333,NaN,14,NaN,NaN,NaN,NaN,6.5385,NaN,NaN,NaN,NaN,3,NaN,5,NaN,NaN,NaN,3.4906,NaN,7.3077
17.417,NaN,15.615,NaN,NaN,NaN,10.859,NaN,12.857,NaN,NaN,NaN,NaN,12.5,NaN,NaN,NaN,NaN,14.365,NaN,18.264,NaN,NaN,NaN,7.4576,NaN,13.056
17.917,NaN,23.154,NaN,NaN,NaN,9.0625,NaN,21.857,NaN,NaN,NaN,NaN,17.222,NaN,NaN,NaN,NaN,16.905,NaN,22.569,NaN,NaN,NaN,9.8305,NaN,26.944
4.9167,NaN,12.923,NaN,NaN,NaN,6.6406,NaN,13.857,NaN,NaN,NaN,NaN,4.1667,NaN,NaN,NaN,NaN,2.3016,NaN,7.7778,NaN,NaN,NaN,4.661,NaN,7.5
17.632,NaN,18.796,NaN,NaN,NaN,11.389,NaN,16.622,NaN,NaN,NaN,NaN,18.769,NaN,NaN,NaN,NaN,10.556,NaN,17.985,NaN,NaN,NaN,18.197,NaN,16.694
13.684,NaN,14.815,NaN,NaN,NaN,8.0556,NaN,9.7973,NaN,NaN,NaN,NaN,9.5385,NaN,NaN,NaN,NaN,11.389,NaN,14.403,NaN,NaN,NaN,11.311,NaN,11.774
8.0702,NaN,8.4259,NaN,NaN,NaN,3.8889,NaN,6.3514,NaN,NaN,NaN,NaN,6.2308,NaN,NaN,NaN,NaN,7.2222,NaN,7.0149,NaN,NaN,NaN,7.2131,NaN,5.5645
19.737,NaN,17.985,NaN,NaN,NaN,17.681,NaN,26.014,NaN,NaN,NaN,NaN,24.179,NaN,NaN,NaN,NaN,14.253,NaN,31.905,NaN,NaN,NaN,34.524,NaN,32.292
24.605,NaN,19.627,NaN,NaN,NaN,15.145,NaN,16.959,NaN,NaN,NaN,NaN,17.015,NaN,NaN,NaN,NaN,16.954,NaN,19.286,NaN,NaN,NaN,14.524,NaN,20.625
0,NaN,0,NaN,NaN,NaN,0,NaN,0,NaN,NaN,NaN,NaN,0,NaN,NaN,NaN,NaN,0,NaN,0,NaN,NaN,NaN,0,NaN,0.069444
22.368,NaN,27.761,NaN,NaN,NaN,25.58,NaN,29.257,NaN,NaN,NaN,NaN,27.313,NaN,NaN,NaN,NaN,28.218,NaN,21.19,NaN,NaN,NaN,21.429,NaN,24.444
2.9605,NaN,12.463,NaN,NaN,NaN,6.2319,NaN,13.243,NaN,NaN,NaN,NaN,6.0448,NaN,NaN,NaN,NaN,0.97701,NaN,3.5714,NaN,NaN,NaN,2.1429,NaN,8.5417
8.8158,NaN,3.1343,NaN,NaN,NaN,3.1159,NaN,1.7568,NaN,NaN,NaN,NaN,5.5224,NaN,NaN,NaN,NaN,12.586,NaN,5.9524,NaN,NaN,NaN,8.8095,NaN,5.3472
8.3333,0,3.3333,8.75,1,0.71429,3.3333,6,0,8.75,3.75,0,3,0,1,0,2.1429,2.1429,2,2,1.6667,1,2,1.25,1.6667,0,1
19.167,2.5,10,8.75,0,3.5714,0,2,2.5,13.75,15,0,1,0,3,0,1.4286,0,15,4,0,1,0,1.25,0,0,0
27.5,36.25,27.5,30,23,25,35,32,30,31.25,35,20,32,28.333,27,25,24.286,29.286,29,28,25.833,32,28,23.75,26.667,21.667,28
15.833,18.75,18.333,21.25,15,20.714,22.5,20,10,18.125,21.25,27.5,14,5,14,15,12.857,17.143,16,17,10,16,14,10,12.5,18.333,15
4.1667,0,0,0,0,0,0,0,0,0.625,0,2.5,0,0,0,0,0,0,1,1,0,0,1,0,0,0,0
27.5,21.25,20.833,36.25,21,25,20,51,30,24.375,35,25,22,23.333,30,15,22.143,37.857,26,26,22.5,28,27,26.25,20.833,46.667,29
0.83333,0,1.6667,2.5,1,0,1.6667,2,2.5,3.75,0,2.5,1,0,1,2.5,1.4286,2.1429,3,2,0,0,1,0,0,0,1
16.667,1.25,3.3333,12.5,0,0,1.6667,2,0,11.25,1.25,0,0,0,0,0,0,1.4286,10,0,0,0,0,0,0,0,0
48.333,41.25,42.5,56.25,47,22.857,27.5,30,32.5,35.625,33.75,52.5,20,28.333,27,32.5,31.429,36.429,38,29,37.5,37,34,31.25,41.667,35,37
27.5,27.5,20.833,26.25,17,15,22.5,15,17.5,16.25,16.25,20,19,13.333,13,20,18.571,16.429,17,13,15,19,17,15,20.833,15,14
8.3333,11.25,2.5,7.5,14,7.1429,7.5,5,10,10,13.75,5,6,6.6667,7,2.5,7.8571,10,11,9,11.667,8,8,10,6.6667,6.6667,8
8.3333,18.75,25,5,11,25,5,10,32.5,5,25,22.5,3,0,29,0,6.4286,17.857,9,17,24.167,0,5,26.25,4.1667,21.667,20
21.667,20,30,40,30.833,45,27.5,31.25,25,30,30,28.75,30,5,27.857,28.333,23.333,20,40,0,26.875,30,30,28.571,22.5,23.333,33.75
36.667,47.5,61.25,46,47.5,47.5,50,52.5,60,30,32.5,56.25,40,35,55.714,41.667,50,63,30,25,52.5,40,43.333,59.286,52.5,50,48.75
11.667,17.5,19.375,14,23.333,21.667,12.5,22.5,25.714,21.667,20,22.5,17,20,22.143,8.3333,23.333,23,15,15,26.875,20,20.833,25,17.5,20,17.5
5,47.5,19.375,28,12.5,20.833,0,7.5,14.286,5,5,5,4,5,10,3.3333,12.5,15,20,35,6.25,0,9.1667,8.5714,2.5,3.3333,30
3.3333,0,8.125,1,0.83333,2.5,2.5,2.5,6.4286,0,5,7.5,1,0,4.2857,0,0.83333,3,0,0,6.25,0,5,8.5714,5,1.6667,5
13.333,5,26.25,16,11.667,25.833,2.5,7.5,27.857,13.333,15,21.25,3,0,22.857,3.3333,13.333,22,25,5,26.875,0,7.5,26.429,0,8.3333,23.75
10.833,22.222,30.833,24.375,27.778,27,22.5,27.5,26.429,2.1429,15,18,17.143,16.667,20,21.786,25.556,27.5,4,10.625,24,21.667,21.25,23.889,23.889,25,25.833
43.333,42.778,39.167,29.375,22.222,25,2.5,8.75,2.1429,30,15,5,7.1429,5,7.5,7.5,4.4444,0.83333,20,14.375,2,2.5,5.625,3.8889,4.4444,1.5,2.5
0,4.4444,6.6667,2.5,3.3333,0,1.25,1.25,0,0,1.875,2,3.5714,0,2.5,1.7857,0,1.6667,0,1.875,2.5,0,4.375,1.6667,3.8889,1.5,2.5
41.667,28.333,24.167,10.625,7.2222,10,0,0,0,20.714,12.5,3,1.4286,0,2.5,1.4286,0.55556,0,15,10.625,3.5,0,0,0,0,0,0
43.333,38.333,45,19.375,16.667,32,3.75,12.5,0,32.857,11.875,3,5,0,2.5,0.35714,0.55556,1.6667,21,5,0.5,0.83333,1.25,2.2222,0,0.5,0
15,25.556,20.833,11.25,17.222,21,3.75,8.75,10.714,10.714,4.375,4,12.857,6.6667,6.25,6.7857,7.7778,7.5,7,8.75,5,0.83333,7.5,7.7778,4.4444,7,10
0.83333,0,0,0,0.55556,0,0,0,0,6.4286,0,0,0,0,0,0,0,0,2,1.875,0,0,0,0,0,0,0
35.833,26.111,19.167,15.625,17.778,12,0,0,0.71429,16.429,1.875,0,2.8571,0,0,0,4.4444,0,14,1.25,0,0,0.625,0,0,0,0
0.83333,0.55556,0,0.625,0,0,0,0,0,0,0,0,0,0,0,0,0,0,0,0,0,0,0,0,0,0,0
31.667,43.333,46.667,28.75,27.778,33,28.75,26.25,16.429,10,15.625,18,13.571,15,32.5,18.571,20,13.333,17,15,13.5,17.5,18.75,13.333,13.889,16.5,10.833
8.3333,3.3333,3.3333,5,4.4444,6,1.25,5,0,15.714,2.5,1,10.714,3.3333,5,8.5714,3.8889,3.3333,15,8.75,5,13.333,8.125,4.4444,19.444,6.5,5.8333
0,0,0,0,0.55556,0,0,0,0,0,0,0,0,0,0,0,0,0,0,0,0,0,0,0,0,0,0
0,0,0,0,1.1111,0,0,0,0.71429,5.7143,0,0,0,0,0,0,0,0,0,0,0,0,0,0,0,0,0
0,4.4444,4.1667,1.25,2.7778,6,1.25,0,8.5714,1.4286,4.375,9,0.71429,3.3333,2.5,1.7857,2.7778,5,1,3.125,6.5,0.83333,1.25,2.2222,1.1111,0.5,3.3333
3.3333,20,22.5,3.125,18.333,29,2.5,15,22.857,4.2857,22.5,21,6.4286,16.667,16.25,5.3571,16.111,26.667,5,20,25,0,13.75,23.333,1.6667,13.5,25
17.5,26.667,12.5,25.625,15.556,15,23.75,15,12.857,30.714,13.75,20,20,13.333,10,19.286,16.111,15,14,28.125,12,30,14.375,18.333,18.333,22.5,16.667
12.857,12.857,12.5,15,16.429,11.667,18.889,14.444,13.636,12.778,15.556,12.5,12.5,11.875,10.714,14.286,13.75,15.417,10,10,7.5,12,18.889,10.5,12.5,14.5,10
26.429,27.143,20,21.667,25.714,20,22.778,25,23.636,30,28.889,25,30.833,33.125,25,30,27.5,21.25,34.444,33.75,29.643,24,18.889,22.5,25,28.5,22.222
6.4286,16.429,35,25,25.714,27.5,22.778,26.111,29.545,0,14.444,26.25,15.833,25.625,29.643,25,23.75,29.583,0.55556,9.375,26.429,21.5,20,27.5,23.333,25.5,26.667
22.857,12.857,2,7.2222,1.4286,1.6667,10.556,1.6667,3.1818,29.444,17.222,5,13.333,6.25,1.0714,2.1429,5,1.6667,27.778,23.75,6.0714,9.5,16.111,1,4.1667,2.5,2.7778
0.71429,2.8571,9,5.5556,5.7143,4.1667,1.6667,1.1111,2.2727,0,0.55556,1.6667,2.5,0,2.1429,2.8571,2.5,0.83333,4.4444,5.625,1.0714,5.5,1.1111,2.5,10.833,1.5,2.2222
36.429,38.571,25.5,15.556,8.5714,4.1667,2.2222,1.1111,0.90909,27.778,11.667,5.4167,2.9167,3.75,2.1429,3.5714,0.625,1.6667,16.667,19.375,3.5714,3,0.55556,1.5,0,0.5,0.55556
48.571,47.857,41,30,25,1.6667,2.7778,6.1111,2.7273,41.111,13.333,2.5,7.0833,3.75,2.8571,2.8571,1.875,1.25,24.444,20.625,2.1429,3,2.7778,0,0,1,0.55556
25.714,17.857,9.5,16.667,7.8571,11.667,3.8889,9.4444,9.5455,26.111,12.778,17.083,10.417,4.375,11.786,7.1429,5.625,8.3333,21.667,6.875,15.357,7.5,5.5556,9,11.667,4,3.3333
0.71429,0.71429,0,0,0.71429,0,0,0,0,1.1111,1.1111,0.41667,0,0,0,0,0,0,0.55556,0,0.35714,0,0,0.5,0,0,0
3.5714,17.857,31.5,30.556,35,6.6667,6.1111,8.8889,11.364,2.7778,9.4444,5,2.5,5.625,7.1429,2.8571,9.375,6.6667,13.333,15,4.2857,2.5,2.2222,5.5,3.3333,4,8.3333
28.571,34.286,23,25,12.143,0,0.55556,0,1.8182,17.222,6.1111,1.25,0.41667,2.5,1.7857,0,0.625,0.83333,13.889,12.5,0.71429,0.5,0,0,0,0.5,0
5,6.4286,8.5,18.333,18.571,25.833,23.889,23.889,24.545,6.6667,11.111,16.667,11.667,20.625,26.786,15.714,20,20.833,11.667,11.25,19.286,15,16.667,15.5,8.3333,22.5,25
12.143,17.857,19.5,22.222,26.429,1.6667,4.4444,4.4444,1.3636,10.556,7.2222,0,2.9167,0,0,2.1429,3.125,0.41667,15,7.5,0,3.5,0,0,3.3333,1,0
0.71429,0.71429,0,0.55556,1.4286,1.6667,0,0,0.90909,1.1111,1.1111,1.25,0.83333,0.625,0.35714,0.71429,0,0.83333,1.6667,1.25,1.4286,2,0.55556,0.5,0.83333,2,0.55556
0,0,0,0,0,0,0,0.55556,0,0.55556,0,0,0,0,0,0,0,0,0,0,0,0,0,0,0,0,0
20,25,18.5,25,17.143,15,21.111,20,10.455,16.667,17.222,9.1667,20.833,16.875,8.5714,23.571,16.875,10.833,18.333,16.875,7.8571,21,20.556,6.5,21.667,20,7.7778
2.8571,10.714,22,5.5556,17.143,30.833,2.7778,18.889,28.182,6.6667,23.889,33.75,1.25,13.125,31.786,0.71429,12.5,28.75,2.7778,6.25,26.429,4,6.1111,31,2.5,13.5,27.222
0.71429,0,0.5,0,0,0,0.55556,0,0,0,0,0,0,0,0,0.71429,0,0,0,0,0.35714,0.5,0,0,0,0,0
29.545,11.25,11.5,7,0,0,0.83333,0,0,14.444,8.3333,0.625,0,0,0.55556,0,0,0,9.375,6.25,2.5,0,0,0,0,0,0
27.727,20.625,33.5,9.5,16.111,18.5,12.083,15.769,21.667,17.222,13.889,27.5,6.6667,14.5,17.222,11.429,14.5,18.333,4.375,12.083,14,1.6667,12.5,14.545,1.875,7.8571,15.556
10,18.75,27.5,2.5,13.333,20,4.5833,15.769,23.889,0.55556,6.6667,18.75,1.6667,11.5,16.111,6.4286,16.5,21.25,0.625,6.25,15.5,1.1111,10.833,15.909,4.375,2.8571,21.667
14.091,9.375,5.5,10,11.111,7.5,15.833,13.462,5.5556,19.444,12.222,1.875,21.667,7,14.444,14.286,12,7.5,20,12.917,5.5,12.778,18.333,8.6364,17.5,12.143,7.2222
8.1818,10,13,9,16.111,11,7.0833,14.231,15.556,9.4444,13.333,10,10,10.5,14.444,3.5714,8.5,11.667,8.75,10.833,12,7.7778,12.5,9.0909,3.125,6.4286,7.7778
27.727,13.75,16,13.5,0,1,2.0833,0.38462,1.6667,5.5556,5.5556,0.625,1.1111,0,0,1.4286,0,0.41667,11.875,4.5833,0,0,0,0,0,0,0
8.6364,12.5,12.5,15,24.444,24.5,17.5,26.538,23.889,11.111,16.667,18.125,22.778,18,25.556,15.714,23,28.75,7.5,16.667,19.5,12.222,22.5,20.455,13.125,15.714,25.556
8.6364,0,3,1,0,0,0.41667,0.38462,0.55556,16.111,5,10,0.55556,1,4.4444,0,0.5,2.0833,16.875,12.917,11.5,2.2222,3.3333,7.2727,0,1.4286,0
21.364,30,32,25,17.778,18,18.75,18.846,19.444,7.7778,15,18.125,13.889,11,5,17.143,13,12.5,9.375,12.917,10,14.444,12.5,10.909,16.875,17.143,10
10.909,3.125,0,11.5,6.1111,1,10.417,5.7692,0.55556,16.667,3.3333,0,10.556,2.5,1.6667,15.714,6,2.0833,17.5,3.75,0,18.889,2.5,1.8182,16.875,10,2.2222
20.909,22.5,16.5,23,16.667,10.5,20.417,17.308,15,18.333,13.333,7.5,17.222,14,1.1111,20,12.5,6.6667,18.75,9.1667,2.5,20.556,10,5.9091,20,15,3.3333
1.3636,13.125,19,2.5,21.111,26,1.25,16.154,24.444,2.2222,15,25.625,0.55556,16.5,30.556,0,16,25.833,4.375,17.5,29,0,21.667,25,2.5,7.1429,26.111
22.5,24.091,20,10.833,17.222,12.727,5,11.429,13.182,6.25,6.25,19.091,0.71429,3.75,13.125,2.0833,11.667,14.286,2.2222,4.375,11,0.55556,3.8889,5.4545,0,5.5556,8.8462
18.125,26.364,25,30.417,12.222,19.545,27.778,20.714,11.364,24.375,22.083,21.364,25.714,19.375,14.375,31.667,15,15.714,25.556,19.375,21.5,27.222,10.556,18.636,27.5,21.111,16.154
28.75,19.545,14,19.583,7.2222,17.273,13.333,13.571,13.636,25,13.75,15.455,14.286,11.25,15,12.917,11.667,15,12.222,11.875,18.5,10,5,11.818,11.25,8.8889,9.6154
26.25,35,26,15,16.111,23.182,10,17.143,14.091,36.875,27.917,28.636,11.429,21.875,20,9.5833,12.222,15.714,30,28.125,25,8.3333,13.889,18.636,8.75,14.444,15.769
10,40.455,22,24.167,25.556,20.455,10.556,13.571,18.636,7.5,12.5,14.091,5.7143,10.625,13.125,8.3333,11.111,18.571,17.222,11.25,13,9.4444,21.111,14.545,1.875,9.4444,15
28.125,20.909,8,20.833,6.1111,2.7273,2.7778,1.4286,3.1818,18.75,0.41667,0.90909,0,0,0,2.5,0,3.5714,9.4444,0,0,0,0,0,0,0,1.9231
16.25,12.727,8,10.417,8.3333,7.7273,12.222,15.714,7.7273,13.75,8.3333,6.3636,11.429,13.125,6.875,13.75,12.778,7.8571,6.6667,5,4.5,8.8889,7.2222,2.2727,14.375,8.3333,8.4615
40,52.273,22,44.583,25,18.182,23.333,19.286,11.364,60.625,21.667,9.5455,26.429,21.25,10,26.25,27.222,17.143,45,19.375,17,25.556,26.111,16.818,23.75,17.778,14.615
11.667,22.5,32.143,20.455,27.857,40,27,31.5,35,12.5,23.5,43.333,19,21.667,36.071,21.818,33.75,46.111,15,27.692,37.273,17.143,28.571,30,18,31.25,40
21.667,20,14.286,22.273,8.5714,12.083,1,6.5,9.5,1.6667,4,15,1.6667,2.9167,16.786,1.3636,6.25,8.3333,1.5,8.8462,15,1.4286,0,5,1,5.625,6.6667
34.167,25.833,25.714,32.273,32.143,22.917,34,27.5,27.5,31.667,22,21.667,30.333,30,20.357,30.455,30,16.667,29.5,22.308,20.909,34.286,27.143,25,33,27.5,24.167
14.167,17.5,11.429,14.091,20.714,13.75,16,16,16.5,21.667,14.5,18.889,24.667,18.75,20,20.909,23.75,25,19,18.077,21.364,20.714,20,19.286,22,27.5,17.5
30,32.5,37.857,30,37.857,34.583,22.5,23,29,8.3333,20,25.556,20,21.667,26.071,17.273,23.125,17.222,14,15.769,23.636,17.143,16.429,24.286,20.5,18.125,24.167
30.833,32.5,30.714,21.818,22.857,26.667,16,16,19,25.833,30.5,33.889,15.667,20.833,26.786,12.273,15,17.222,26.5,30.385,32.727,12.857,20,24.286,12,11.875,20.833
8.3333,5,1.4286,2.2727,3.5714,1.6667,5,5.5,3.5,2.5,2,1.1111,6.3333,2.9167,3.9286,8.6364,7.5,6.1111,9.5,5.3846,2.2727,10.714,9.2857,1.4286,12,10,8.3333
0,1.6667,0,0,0,0,0,0,0,0.83333,0,0,0,0,0,0,0,0,0,0,0,0,0,0,0,0,0
0,0,1.4286,0,0,0,0,0,0,0.83333,1,2.2222,0,0,1.0714,0,1.25,0,0.5,0.76923,2.7273,0,0,0,0.5,0,0
7.5,23.333,5.7143,20.909,18.571,15.417,7,8,7.5,1.6667,8.5,13.889,9.3333,10,9.6429,9.5455,8.125,18.333,6,9.2308,11.818,2.1429,5.7143,6.4286,3,8.75,11.667
27.5,7.5,0,27.727,8.5714,1.25,4.5,3.5,4.5,12.5,0.5,0,1.3333,1.25,2.5,0,1.875,0,5.5,8.4615,0,0,0.71429,0.71429,2,0,0
22.5,15,9.2857,16.818,12.143,17.083,22.5,18.5,15.5,30,20.5,20,30,24.583,20,31.364,27.5,15.556,26,28.077,15.909,35,34.286,17.143,32,34.375,11.667
0,0,0,0,0,0,0,0,0,0,0,0,0.33333,0,0,0,0,0,0,0.38462,0,0,0,0,0,0,0
5.8333,2.5,0,5.4545,2.1429,0.41667,11,1.5,0.5,6.6667,0,0,12.667,2.9167,0,9.5455,3.75,0,8.5,0.76923,0,15,2.1429,0,15,5.625,0
14.167,20,20,17.727,23.571,25,23.5,24.5,21.5,14.167,14,13.333,15.667,19.583,18.214,19.545,18.125,10,16,11.154,13.636,14.286,13.571,12.857,10,13.125,12.5
19.167,22.5,8.5714,20.909,20.714,8.3333,20,18.5,19,17.5,14.5,2.7778,18.667,16.667,6.4286,21.818,16.25,2.2222,18,16.154,7.7273,20.714,15,10.714,17.5,14.375,10.833
0,6.6667,25.714,4.0909,5.7143,20,0,6.5,17.5,0.83333,16.5,21.667,1.3333,6.6667,19.643,0,12.5,21.667,0,13.846,24.545,0,2.8571,12.857,0.5,0,15
16.667,17.5,7.1429,19.545,22.857,16.25,22.5,18,16.5,17.5,15.5,16.111,22.667,17.917,10.357,23.636,22.5,20.556,15.5,15,12.273,27.857,20.714,14.286,25,28.125,15
12.5,33.5,31.111,19.167,35,36,30.714,49,40.385,10,32.727,34.167,25.357,30.833,40.714,26.667,33.182,38.636,17.059,45,39.375,28.75,28.333,39.583,30,34.286,44
29.375,18,18.333,10.417,10.455,16.333,7.1429,10,19.231,6.25,10.909,15.833,2.5,7.9167,18.571,1.6667,5.9091,10.455,6.1765,17,23.75,0,5,12.917,0,4.2857,13
26.25,19,13.889,32.083,19.545,20.667,21.429,14,17.692,20.625,19.091,22.5,23.214,10.833,12.857,19,18.636,15,16.471,15,22.5,8.75,12.222,20,17.5,12.143,9
28.75,10,6.1111,17.083,4.5455,4.6667,2.8571,2.5,3.8462,15.625,5.4545,1.6667,3.9286,0.83333,0.71429,0,1.3636,4.0909,12.941,7.5,0,1.25,0,2.5,0,0,0
21.25,13,12.222,17.5,13.636,13.667,12.143,7,11.923,25.625,11.364,12.5,15.714,10,10,13.333,7.2727,7.7273,22.059,9,14.375,7.5,8.3333,10.417,11.667,7.8571,7
5.625,3,1.6667,4.5833,3.6364,2.6667,4.2857,5,1.9231,10,3.6364,0.83333,5,8.3333,1.4286,8,7.7273,3.6364,8.2353,4.5,0.625,11.25,5.5556,2.9167,14.167,8.5714,3.5
3.125,2,3.8889,1.25,2.2727,4,0,0,1.9231,3.75,0.45455,2.5,0.35714,1.6667,0,0.66667,1.3636,4.0909,3.2353,5.5,2.5,1.25,1.1111,5,0,2.8571,3
11.875,14,8.8889,35,13.182,19.667,7.1429,33.5,15.769,10,14.545,13.333,13.929,10,15.714,9.6667,11.364,17.727,8.8235,36,13.75,12.5,8.8889,20.833,14.167,10.714,15
22.5,8.5,0,24.583,3.1818,1.6667,14.286,1,0,16.875,1.3636,0.83333,3.2143,0,0.71429,2.3333,0.90909,2.2727,13.235,3,0,0,0,0,0,0,0.5
21.875,14,8.3333,25,13.636,12.333,22.857,14.5,15,24.375,11.818,5,21.071,16.25,7.8571,22.333,20.909,12.727,19.706,7.5,5,22.5,14.444,5.4167,22.5,17.143,9
30,8,0,27.083,4.5455,3.3333,0.71429,1.5,1.1538,30.625,3.1818,0,6.0714,2.5,2.1429,3.6667,3.6364,0.90909,25.588,17.5,0.625,3.75,1.6667,0.83333,5,1.4286,3
17.5,14.5,11.111,27.5,17.727,10.333,17.143,20.5,13.846,18.75,15,10,30.714,20.833,14.286,21.333,17.273,15.455,19.118,22.5,13.75,28.75,20,15,27.5,24.286,20.5
0.83333,0,0,0,0,0,0,0,0,1,0,0,0,0,0,0,0,0,0,0,0,0,0,0,0,0,0
12.5,3.3333,3.5714,2.5,2,2.9167,1,0.55556,1.5,12.333,6.0714,1.3636,3.5,0,0,1.6667,2.7273,0.71429,5.625,6.6667,2.2222,2,1.4286,3.3333,2.2727,0.71429,1.7647
19.167,26.667,24.286,6.25,18,27.5,3,16.111,17.5,10.667,12.143,20.455,3.5,10,20,2.2222,4.0909,11.429,2.5,6.6667,16.667,0,2.1429,14.167,1.3636,1.4286,10.882
31.667,20.833,3.5714,10.625,15,3.3333,1,0.55556,1,22,5,3.1818,5.5,5,0.83333,0,0.45455,0,10.625,9.3333,0.55556,0.5,0,0,0,0,0
5.8333,2.5,1.4286,5,4,4.1667,5,3.3333,2.5,5.3333,3.5714,2.7273,7,8,3.75,9.4444,6.3636,5,5,3.3333,4.4444,9,5.7143,8.3333,5.4545,7.1429,7.6471
1.25,0,0,1.25,0,1.25,0,0.55556,1,0.66667,0.35714,0.45455,0.5,1,0,0.55556,0.90909,0,1.875,0,0,0.5,0.71429,0.83333,2.2727,0,0.88235
7.9167,1.6667,2.8571,0.625,3,0,0,1.6667,2,6.6667,5.7143,1.8182,5.5,0,1.6667,1.1111,1.3636,0.71429,5,6,3.3333,1.5,0.71429,4.1667,0.45455,0.71429,1.1765
2.0833,30.833,29.286,12.5,25,32.5,21,20.556,33,1.6667,21.071,25.455,8,22,26.667,10.556,18.636,32.143,3.125,15,29.444,11,27.857,27.5,10.909,22.857,25.882
26.25,15.833,20,10.625,14,18.333,10,11.667,12.5,20,15.357,15,17,10,13.75,11.111,8.1818,15.714,11.875,9,14.444,11.5,9.2857,15,12.727,7.8571,10.882
22.083,28.333,29.286,9.375,18,21.667,6,7.7778,7,28.333,28.214,23.636,11,16,20,9.4444,10.909,11.429,36.25,30.333,26.111,11.5,15.714,17.5,8.6364,14.286,14.412
7.5,3.3333,2.1429,9.375,3,0.83333,14,8.3333,3,4.6667,3.9286,4.5455,7,8,4.1667,12.778,11.364,4.2857,10.625,8.3333,1.6667,12,7.8571,2.5,12.273,12.143,7.9412
21.25,6.6667,12.857,3.125,1,6.25,2,3.8889,12,20,11.071,21.364,4.5,3,13.333,5.5556,3.6364,6.4286,25,22.667,20,7,5.7143,13.333,9.0909,9.2857,7.0588
0.83333,0,1.4286,1.25,0,0.83333,2,1.1111,2,2.6667,3.5714,0.90909,2,0,0.41667,0.55556,0.45455,5.7143,1.25,4,1.1111,1.5,0.71429,1.6667,0.90909,1.4286,0.58824
17.917,26.667,9.2857,21.25,16,12.5,20,20,4.5,20.667,10.357,8.1818,16.5,17,4.5833,18.333,15.909,14.286,18.125,8.6667,5,18,12.857,8.3333,18.182,15,6.7647
27.083,15.833,8.5714,9.375,11,9.1667,7,10.556,4,21.667,11.786,10.909,10,13,9.5833,5.5556,7.2727,10.714,13.125,13,10,8.5,4.2857,5.8333,6.8182,8.5714,4.1176
2.5,0.83333,3.125,7.1875,2,2.1429,0.45455,0.33333,1.6667,0.90909,2.2727,5,5.5556,3.4375,2.5,1.9231,5.4545,2.1429,3.9286,3.75,5,2,3.6364,4.5455,5.7143,5,5
21.5,7.5,9.375,23.438,15.667,11.429,12.727,14,13.333,15,9.0909,10,11.111,8.125,9.5833,8.4615,9.0909,8.5714,3.9286,7.5,11.25,10.5,3.1818,14.091,8.5714,3,3.6364
47,11.667,0.625,21.875,4.6667,2.5,5.4545,6.3333,0.55556,32.273,22.727,0,6.1111,2.1875,0,0.76923,0,2.1429,22.143,17.917,0,7,0.45455,0,0,0,0.45455
11.5,5.8333,0.625,3.75,3,1.4286,5.4545,1.6667,2.7778,13.182,8.1818,2.7273,2.7778,1.25,2.0833,2.3077,4.5455,1.4286,17.5,17.083,1.25,1,3.6364,1.8182,0.71429,2.5,1.3636
0.5,20.833,30,15.938,26,31.071,13.182,31,30,0,18.636,31.818,6.6667,23.438,29.167,12.692,23.182,32.143,0,11.25,33.125,4,15.909,28.182,7.8571,22,27.727
28,13.333,20.625,10.312,16,20,7.7273,8,15.556,24.091,11.818,20.455,13.333,9.0625,17.5,8.0769,6.8182,17.857,22.143,12.5,15.625,14.5,8.6364,16.364,8.5714,4,10
10.5,3.3333,1.25,1.5625,2.3333,0.71429,0.90909,3.6667,1.1111,6.8182,3.6364,0.90909,1.1111,1.25,1.6667,0.76923,1.8182,2.1429,6.7857,5,1.875,0,0,0.90909,0,0,1.3636
0.5,2.5,1.875,1.5625,1.3333,1.4286,0.45455,1.6667,0.55556,0,1.8182,0.90909,1.1111,0.9375,0.41667,1.1538,1.3636,1.4286,0,0.83333,0,0,0,0,0.71429,0.5,0.45455
5.5,12.5,15,15.312,15.333,20,17.727,21.333,13.889,3.6364,10,14.091,11.667,16.562,22.5,14.615,15.909,19.286,4.2857,10,13.125,6.5,17.273,16.818,9.2857,15,18.182
17,29.167,34.375,33.438,38.333,43.214,37.727,46.333,48.333,8.1818,18.182,36.818,17.222,29.375,40.417,22.308,36.818,42.143,3.5714,9.5833,33.75,7.5,13.182,30.455,13.571,26,32.273
18.5,25.833,21.25,25.938,23.667,21.071,20.909,24.667,21.667,12.727,18.182,14.091,26.667,18.125,13.333,20.769,29.091,18.571,12.857,14.167,16.25,21,13.182,16.818,25.714,18,13.636
0,0,0,0,0,0.35714,0,0,0,0,0,0,0,0,0.41667,0,0,0,0.71429,0,0,0,0,0,0,0,0
9.5,5.8333,3.125,16.562,10,3.9286,17.273,13.667,4.4444,10.909,5.9091,0.45455,18.333,6.5625,1.25,16.154,9.0909,2.1429,12.857,3.75,0,16.5,1.3636,1.3636,18.571,10.5,0.90909
19,5.8333,0,18.75,4,0.35714,4.0909,0.33333,1.1111,20.909,21.364,0,11.667,1.5625,0.41667,5.7692,4.5455,0,25,27.5,0,16,1.8182,1.8182,8.5714,7.5,0.90909
24,7.5,6.875,9.375,4.6667,2.8571,1.8182,1.6667,2.2222,20.909,12.727,6.3636,8.3333,3.125,1.25,2.3077,2.2727,1.4286,15,12.5,3.75,8,2.7273,3.6364,3.5714,0.5,1.3636
