29.375,29.375,29.375,29.375,29.375,29.375,29.375,29.375,29.375,24.565,24.565,24.565,24.565,24.565,24.565,24.565,24.565,24.565,NaN,NaN,NaN,NaN,NaN,NaN,NaN,NaN,NaN
19.688,19.688,19.688,19.688,19.688,19.688,19.688,19.688,19.688,12.609,12.609,12.609,12.609,12.609,12.609,12.609,12.609,12.609,NaN,NaN,NaN,NaN,NaN,NaN,NaN,NaN,NaN
0,0,0,0,0,0,0,0,0,0,0,0,0,0,0,0,0,0,NaN,NaN,NaN,NaN,NaN,NaN,NaN,NaN,NaN
0.9375,0.9375,0.9375,0.9375,0.9375,0.9375,0.9375,0.9375,0.9375,0.86957,0.86957,0.86957,0.86957,0.86957,0.86957,0.86957,0.86957,0.86957,NaN,NaN,NaN,NaN,NaN,NaN,NaN,NaN,NaN
12.812,12.812,12.812,12.812,12.812,12.812,12.812,12.812,12.812,6.7391,6.7391,6.7391,6.7391,6.7391,6.7391,6.7391,6.7391,6.7391,NaN,NaN,NaN,NaN,NaN,NaN,NaN,NaN,NaN
0,0,0,0,0,0,0,0,0,0.86957,0.86957,0.86957,0.86957,0.86957,0.86957,0.86957,0.86957,0.86957,NaN,NaN,NaN,NaN,NaN,NaN,NaN,NaN,NaN
11.875,11.875,11.875,11.875,11.875,11.875,11.875,11.875,11.875,7.6087,7.6087,7.6087,7.6087,7.6087,7.6087,7.6087,7.6087,7.6087,NaN,NaN,NaN,NaN,NaN,NaN,NaN,NaN,NaN
0,0,0,0,0,0,0,0,0,0,0,0,0,0,0,0,0,0,NaN,NaN,NaN,NaN,NaN,NaN,NaN,NaN,NaN
6.25,6.25,6.25,6.25,6.25,6.25,6.25,6.25,6.25,6.9565,6.9565,6.9565,6.9565,6.9565,6.9565,6.9565,6.9565,6.9565,NaN,NaN,NaN,NaN,NaN,NaN,NaN,NaN,NaN
4.375,4.375,4.375,4.375,4.375,4.375,4.375,4.375,4.375,6.9565,6.9565,6.9565,6.9565,6.9565,6.9565,6.9565,6.9565,6.9565,NaN,NaN,NaN,NaN,NaN,NaN,NaN,NaN,NaN
37.812,37.812,37.812,37.812,37.812,37.812,37.812,37.812,37.812,37.391,37.391,37.391,37.391,37.391,37.391,37.391,37.391,37.391,NaN,NaN,NaN,NaN,NaN,NaN,NaN,NaN,NaN
0,0,0,0,0,0,0,0,0,0,0,0,0,0,0,0,0,0,0,0,0,0,0,0,0,0,0
4.4444,4.4444,4.4444,4.4444,4.4444,4.4444,4.4444,4.4444,4.4444,0.9375,0.9375,0.9375,0.9375,0.9375,0.9375,0.9375,0.9375,0.9375,0,0,0,0,0,0,0,0,0
43.333,43.333,43.333,43.333,43.333,43.333,43.333,43.333,43.333,47.812,47.812,47.812,47.812,47.812,47.812,47.812,47.812,47.812,35.278,35.278,35.278,35.278,35.278,35.278,35.278,35.278,35.278
8.3333,8.3333,8.3333,8.3333,8.3333,8.3333,8.3333,8.3333,8.3333,15.312,15.312,15.312,15.312,15.312,15.312,15.312,15.312,15.312,11.111,11.111,11.111,11.111,11.111,11.111,11.111,11.111,11.111
12.222,12.222,12.222,12.222,12.222,12.222,12.222,12.222,12.222,10.312,10.312,10.312,10.312,10.312,10.312,10.312,10.312,10.312,4.7222,4.7222,4.7222,4.7222,4.7222,4.7222,4.7222,4.7222,4.7222
16.667,16.667,16.667,16.667,16.667,16.667,16.667,16.667,16.667,17.812,17.812,17.812,17.812,17.812,17.812,17.812,17.812,17.812,13.889,13.889,13.889,13.889,13.889,13.889,13.889,13.889,13.889
15.556,15.556,15.556,15.556,15.556,15.556,15.556,15.556,15.556,15.312,15.312,15.312,15.312,15.312,15.312,15.312,15.312,15.312,16.111,16.111,16.111,16.111,16.111,16.111,16.111,16.111,16.111
0.55556,0.55556,0.55556,0.55556,0.55556,0.55556,0.55556,0.55556,0.55556,2.8125,2.8125,2.8125,2.8125,2.8125,2.8125,2.8125,2.8125,2.8125,2.7778,2.7778,2.7778,2.7778,2.7778,2.7778,2.7778,2.7778,2.7778
0,0,0,0,0,0,0,0,0,0,0,0,0,0,0,0,0,0,0.25,0.25,0.25,0.25,0.25,0.25,0.25,0.25,0.25
20.455,20.455,20.455,20.455,20.455,20.455,20.455,20.455,20.455,0.4,0.4,0.4,0.4,0.4,0.4,0.4,0.4,0.4,0,0,0,0,0,0,0,0,0
21.818,21.818,21.818,21.818,21.818,21.818,21.818,21.818,21.818,8.6,8.6,8.6,8.6,8.6,8.6,8.6,8.6,8.6,10.25,10.25,10.25,10.25,10.25,10.25,10.25,10.25,10.25
23.636,23.636,23.636,23.636,23.636,23.636,23.636,23.636,23.636,16.8,16.8,16.8,16.8,16.8,16.8,16.8,16.8,16.8,22,22,22,22,22,22,22,22,22
4.0909,4.0909,4.0909,4.0909,4.0909,4.0909,4.0909,4.0909,4.0909,1.4,1.4,1.4,1.4,1.4,1.4,1.4,1.4,1.4,2.75,2.75,2.75,2.75,2.75,2.75,2.75,2.75,2.75
24.091,24.091,24.091,24.091,24.091,24.091,24.091,24.091,24.091,9.2,9.2,9.2,9.2,9.2,9.2,9.2,9.2,9.2,10.75,10.75,10.75,10.75,10.75,10.75,10.75,10.75,10.75
40.909,40.909,40.909,40.909,40.909,40.909,40.909,40.909,40.909,16.8,16.8,16.8,16.8,16.8,16.8,16.8,16.8,16.8,10,10,10,10,10,10,10,10,10
13.182,13.182,13.182,13.182,13.182,13.182,13.182,13.182,13.182,12.2,12.2,12.2,12.2,12.2,12.2,12.2,12.2,12.2,8.5,8.5,8.5,8.5,8.5,8.5,8.5,8.5,8.5
2.7273,2.7273,2.7273,2.7273,2.7273,2.7273,2.7273,2.7273,2.7273,4.4,4.4,4.4,4.4,4.4,4.4,4.4,4.4,4.4,1,1,1,1,1,1,1,1,1
1.8182,1.8182,1.8182,1.8182,1.8182,1.8182,1.8182,1.8182,1.8182,0.6,0.6,0.6,0.6,0.6,0.6,0.6,0.6,0.6,0,0,0,0,0,0,0,0,0
0,0,0,0,0,0,0,0,0,0.83333,0.83333,0.83333,0.83333,0.83333,0.83333,0.83333,0.83333,0.83333,0.75,0.75,0.75,0.75,0.75,0.75,0.75,0.75,0.75
0.83333,0.83333,0.83333,0.83333,0.83333,0.83333,0.83333,0.83333,0.83333,1.25,1.25,1.25,1.25,1.25,1.25,1.25,1.25,1.25,4.75,4.75,4.75,4.75,4.75,4.75,4.75,4.75,4.75
2.5,2.5,2.5,2.5,2.5,2.5,2.5,2.5,2.5,5,5,5,5,5,5,5,5,5,1.75,1.75,1.75,1.75,1.75,1.75,1.75,1.75,1.75
17.5,17.5,17.5,17.5,17.5,17.5,17.5,17.5,17.5,13.958,13.958,13.958,13.958,13.958,13.958,13.958,13.958,13.958,14,14,14,14,14,14,14,14,14
14.167,14.167,14.167,14.167,14.167,14.167,14.167,14.167,14.167,15.208,15.208,15.208,15.208,15.208,15.208,15.208,15.208,15.208,13.25,13.25,13.25,13.25,13.25,13.25,13.25,13.25,13.25
4.1667,4.1667,4.1667,4.1667,4.1667,4.1667,4.1667,4.1667,4.1667,4.1667,4.1667,4.1667,4.1667,4.1667,4.1667,4.1667,4.1667,4.1667,5.5,5.5,5.5,5.5,5.5,5.5,5.5,5.5,5.5
9.1667,9.1667,9.1667,9.1667,9.1667,9.1667,9.1667,9.1667,9.1667,8.125,8.125,8.125,8.125,8.125,8.125,8.125,8.125,8.125,11,11,11,11,11,11,11,11,11
3.3333,3.3333,3.3333,3.3333,3.3333,3.3333,3.3333,3.3333,3.3333,9.7917,9.7917,9.7917,9.7917,9.7917,9.7917,9.7917,9.7917,9.7917,15.75,15.75,15.75,15.75,15.75,15.75,15.75,15.75,15.75
0,0,0,0,0,0,0,0,0,0,0,0,0,0,0,0,0,0,0,0,0,0,0,0,0,0,0
5.8333,5.8333,5.8333,5.8333,5.8333,5.8333,5.8333,5.8333,5.8333,3.3333,3.3333,3.3333,3.3333,3.3333,3.3333,3.3333,3.3333,3.3333,2.25,2.25,2.25,2.25,2.25,2.25,2.25,2.25,2.25
17.5,17.5,17.5,17.5,17.5,17.5,17.5,17.5,17.5,9.1667,9.1667,9.1667,9.1667,9.1667,9.1667,9.1667,9.1667,9.1667,10.25,10.25,10.25,10.25,10.25,10.25,10.25,10.25,10.25
0,0,0,0,0,0,0,0,0,0.25,0.25,0.25,0.25,0.25,0.25,0.25,0.25,0.25,2.4074,2.4074,2.4074,2.4074,2.4074,2.4074,2.4074,2.4074,2.4074
15.5,15.5,15.5,15.5,15.5,15.5,15.5,15.5,15.5,17.25,17.25,17.25,17.25,17.25,17.25,17.25,17.25,17.25,15.926,15.926,15.926,15.926,15.926,15.926,15.926,15.926,15.926
0,0,0,0,0,0,0,0,0,0.5,0.5,0.5,0.5,0.5,0.5,0.5,0.5,0.5,0,0,0,0,0,0,0,0,0
0.5,0.5,0.5,0.5,0.5,0.5,0.5,0.5,0.5,0,0,0,0,0,0,0,0,0,0,0,0,0,0,0,0,0,0
0,0,0,0,0,0,0,0,0,0,0,0,0,0,0,0,0,0,0,0,0,0,0,0,0,0,0
10.5,10.5,10.5,10.5,10.5,10.5,10.5,10.5,10.5,13,13,13,13,13,13,13,13,13,15,15,15,15,15,15,15,15,15
15,15,15,15,15,15,15,15,15,19.5,19.5,19.5,19.5,19.5,19.5,19.5,19.5,19.5,17.037,17.037,17.037,17.037,17.037,17.037,17.037,17.037,17.037
40.5,40.5,40.5,40.5,40.5,40.5,40.5,40.5,40.5,13.25,13.25,13.25,13.25,13.25,13.25,13.25,13.25,13.25,14.074,14.074,14.074,14.074,14.074,14.074,14.074,14.074,14.074
15.5,15.5,15.5,15.5,15.5,15.5,15.5,15.5,15.5,2.75,2.75,2.75,2.75,2.75,2.75,2.75,2.75,2.75,3.1481,3.1481,3.1481,3.1481,3.1481,3.1481,3.1481,3.1481,3.1481
2,2,2,2,2,2,2,2,2,10.25,10.25,10.25,10.25,10.25,10.25,10.25,10.25,10.25,20.556,20.556,20.556,20.556,20.556,20.556,20.556,20.556,20.556
0,0,0,0,0,0,0,0,0,0.5,0.5,0.5,0.5,0.5,0.5,0.5,0.5,0.5,0.18519,0.18519,0.18519,0.18519,0.18519,0.18519,0.18519,0.18519,0.18519
4.5,4.5,4.5,4.5,4.5,4.5,4.5,4.5,4.5,42.5,42.5,42.5,42.5,42.5,42.5,42.5,42.5,42.5,51.667,51.667,51.667,51.667,51.667,51.667,51.667,51.667,51.667
8,8,8,8,8,8,8,8,8,0,0,0,0,0,0,0,0,0,0.74074,0.74074,0.74074,0.74074,0.74074,0.74074,0.74074,0.74074,0.74074
3.5,3.5,3.5,3.5,3.5,3.5,3.5,3.5,3.5,0.75,0.75,0.75,0.75,0.75,0.75,0.75,0.75,0.75,7.963,7.963,7.963,7.963,7.963,7.963,7.963,7.963,7.963
33.5,33.5,33.5,33.5,33.5,33.5,33.5,33.5,33.5,27.75,27.75,27.75,27.75,27.75,27.75,27.75,27.75,27.75,23.333,23.333,23.333,23.333,23.333,23.333,23.333,23.333,23.333
12.5,12.5,12.5,12.5,12.5,12.5,12.5,12.5,12.5,9.75,9.75,9.75,9.75,9.75,9.75,9.75,9.75,9.75,12.963,12.963,12.963,12.963,12.963,12.963,12.963,12.963,12.963
20,20,20,20,20,20,20,20,20,16.25,16.25,16.25,16.25,16.25,16.25,16.25,16.25,16.25,16.481,16.481,16.481,16.481,16.481,16.481,16.481,16.481,16.481
12.5,12.5,12.5,12.5,12.5,12.5,12.5,12.5,12.5,3.25,3.25,3.25,3.25,3.25,3.25,3.25,3.25,3.25,4.8148,4.8148,4.8148,4.8148,4.8148,4.8148,4.8148,4.8148,4.8148
0,0,0,0,0,0,0,0,0,0.5,0.5,0.5,0.5,0.5,0.5,0.5,0.5,0.5,0.18519,0.18519,0.18519,0.18519,0.18519,0.18519,0.18519,0.18519,0.18519
5.5,5.5,5.5,5.5,5.5,5.5,5.5,5.5,5.5,5.25,5.25,5.25,5.25,5.25,5.25,5.25,5.25,5.25,2.037,2.037,2.037,2.037,2.037,2.037,2.037,2.037,2.037
1.25,1.25,1.25,1.25,1.25,1.25,1.25,1.25,1.25,0,0,0,0,0,0,0,0,0,0.20833,0.20833,0.20833,0.20833,0.20833,0.20833,0.20833,0.20833,0.20833
5,5,5,5,5,5,5,5,5,23.182,23.182,23.182,23.182,23.182,23.182,23.182,23.182,23.182,26.042,26.042,26.042,26.042,26.042,26.042,26.042,26.042,26.042
5,5,5,5,5,5,5,5,5,27.727,27.727,27.727,27.727,27.727,27.727,27.727,27.727,27.727,29.792,29.792,29.792,29.792,29.792,29.792,29.792,29.792,29.792
0.625,0.625,0.625,0.625,0.625,0.625,0.625,0.625,0.625,0,0,0,0,0,0,0,0,0,1.0526,1.0526,1.0526,1.0526,1.0526,1.0526,1.0526,1.0526,1.0526
0,0,0,0,0,0,0,0,0,0,0,0,0,0,0,0,0,0,0,0,0,0,0,0,0,0,0
31.875,31.875,31.875,31.875,31.875,31.875,31.875,31.875,31.875,10,10,10,10,10,10,10,10,10,13.158,13.158,13.158,13.158,13.158,13.158,13.158,13.158,13.158
0,0,0,0,0,0,0,0,0,0,0,0,0,0,0,0,0,0,0,0,0,0,0,0,0,0,0
31.875,31.875,31.875,31.875,31.875,31.875,31.875,31.875,31.875,13.75,13.75,13.75,13.75,13.75,13.75,13.75,13.75,13.75,13.421,13.421,13.421,13.421,13.421,13.421,13.421,13.421,13.421
16.875,16.875,16.875,16.875,16.875,16.875,16.875,16.875,16.875,4.6875,4.6875,4.6875,4.6875,4.6875,4.6875,4.6875,4.6875,4.6875,2.1053,2.1053,2.1053,2.1053,2.1053,2.1053,2.1053,2.1053,2.1053
16.25,16.25,16.25,16.25,16.25,16.25,16.25,16.25,16.25,45.312,45.312,45.312,45.312,45.312,45.312,45.312,45.312,45.312,46.053,46.053,46.053,46.053,46.053,46.053,46.053,46.053,46.053
10.625,10.625,10.625,10.625,10.625,10.625,10.625,10.625,10.625,13.75,13.75,13.75,13.75,13.75,13.75,13.75,13.75,13.75,21.842,21.842,21.842,21.842,21.842,21.842,21.842,21.842,21.842
0.625,0.625,0.625,0.625,0.625,0.625,0.625,0.625,0.625,5.3125,5.3125,5.3125,5.3125,5.3125,5.3125,5.3125,5.3125,5.3125,4.2105,4.2105,4.2105,4.2105,4.2105,4.2105,4.2105,4.2105,4.2105
11.25,11.25,11.25,11.25,11.25,11.25,11.25,11.25,11.25,5.9375,5.9375,5.9375,5.9375,5.9375,5.9375,5.9375,5.9375,5.9375,2.3684,2.3684,2.3684,2.3684,2.3684,2.3684,2.3684,2.3684,2.3684
17.5,17.5,17.5,17.5,17.5,17.5,17.5,17.5,17.5,12.812,12.812,12.812,12.812,12.812,12.812,12.812,12.812,12.812,12.632,12.632,12.632,12.632,12.632,12.632,12.632,12.632,12.632
39.5,39.5,39.5,39.5,39.5,39.5,39.5,39.5,39.5,4.0476,4.0476,4.0476,4.0476,4.0476,4.0476,4.0476,4.0476,4.0476,4.6875,4.6875,4.6875,4.6875,4.6875,4.6875,4.6875,4.6875,4.6875
20.167,20.167,20.167,20.167,20.167,20.167,20.167,20.167,20.167,15,15,15,15,15,15,15,15,15,26.562,26.562,26.562,26.562,26.562,26.562,26.562,26.562,26.562
0.33333,0.33333,0.33333,0.33333,0.33333,0.33333,0.33333,0.33333,0.33333,0,0,0,0,0,0,0,0,0,2.8125,2.8125,2.8125,2.8125,2.8125,2.8125,2.8125,2.8125,2.8125
22.833,22.833,22.833,22.833,22.833,22.833,22.833,22.833,22.833,23.095,23.095,23.095,23.095,23.095,23.095,23.095,23.095,23.095,20.625,20.625,20.625,20.625,20.625,20.625,20.625,20.625,20.625
5.3333,5.3333,5.3333,5.3333,5.3333,5.3333,5.3333,5.3333,5.3333,15.476,15.476,15.476,15.476,15.476,15.476,15.476,15.476,15.476,12.188,12.188,12.188,12.188,12.188,12.188,12.188,12.188,12.188
0.33333,0.33333,0.33333,0.33333,0.33333,0.33333,0.33333,0.33333,0.33333,0,0,0,0,0,0,0,0,0,0.3125,0.3125,0.3125,0.3125,0.3125,0.3125,0.3125,0.3125,0.3125
0.5,0.5,0.5,0.5,0.5,0.5,0.5,0.5,0.5,0,0,0,0,0,0,0,0,0,0,0,0,0,0,0,0,0,0
0,0,0,0,0,0,0,0,0,0,0,0,0,0,0,0,0,0,0.3125,0.3125,0.3125,0.3125,0.3125,0.3125,0.3125,0.3125,0.3125
0,0,0,0,0,0,0,0,0,0.95238,0.95238,0.95238,0.95238,0.95238,0.95238,0.95238,0.95238,0.95238,0,0,0,0,0,0,0,0,0
3.6667,3.6667,3.6667,3.6667,3.6667,3.6667,3.6667,3.6667,3.6667,0,0,0,0,0,0,0,0,0,0,0,0,0,0,0,0,0,0
23.333,23.333,23.333,23.333,23.333,23.333,23.333,23.333,23.333,13.095,13.095,13.095,13.095,13.095,13.095,13.095,13.095,13.095,12.188,12.188,12.188,12.188,12.188,12.188,12.188,12.188,12.188
21.833,21.833,21.833,21.833,21.833,21.833,21.833,21.833,21.833,21.429,21.429,21.429,21.429,21.429,21.429,21.429,21.429,21.429,25.312,25.312,25.312,25.312,25.312,25.312,25.312,25.312,25.312
0.33333,0.33333,0.33333,0.33333,0.33333,0.33333,0.33333,0.33333,0.33333,0.2381,0.2381,0.2381,0.2381,0.2381,0.2381,0.2381,0.2381,0.2381,0,0,0,0,0,0,0,0,0
0.16667,0.16667,0.16667,0.16667,0.16667,0.16667,0.16667,0.16667,0.16667,0.2381,0.2381,0.2381,0.2381,0.2381,0.2381,0.2381,0.2381,0.2381,1.875,1.875,1.875,1.875,1.875,1.875,1.875,1.875,1.875
44.333,44.333,44.333,44.333,44.333,44.333,44.333,44.333,44.333,41.667,41.667,41.667,41.667,41.667,41.667,41.667,41.667,41.667,39.375,39.375,39.375,39.375,39.375,39.375,39.375,39.375,39.375
0.66667,0.66667,0.66667,0.66667,0.66667,0.66667,0.66667,0.66667,0.66667,0,0,0,0,0,0,0,0,0,0,0,0,0,0,0,0,0,0
0.83333,0.83333,0.83333,0.83333,0.83333,0.83333,0.83333,0.83333,0.83333,5.4762,5.4762,5.4762,5.4762,5.4762,5.4762,5.4762,5.4762,5.4762,15.938,15.938,15.938,15.938,15.938,15.938,15.938,15.938,15.938
8.8333,8.8333,8.8333,8.8333,8.8333,8.8333,8.8333,8.8333,8.8333,39.048,39.048,39.048,39.048,39.048,39.048,39.048,39.048,39.048,43.125,43.125,43.125,43.125,43.125,43.125,43.125,43.125,43.125
0,0,0,0,0,0,0,0,0,0.47619,0.47619,0.47619,0.47619,0.47619,0.47619,0.47619,0.47619,0.47619,0.3125,0.3125,0.3125,0.3125,0.3125,0.3125,0.3125,0.3125,0.3125
16.667,16.667,16.667,16.667,16.667,16.667,16.667,16.667,16.667,19.762,19.762,19.762,19.762,19.762,19.762,19.762,19.762,19.762,20,20,20,20,20,20,20,20,20
0,0,0,0,0,0,0,0,0,0,0,0,0,0,0,0,0,0,0,0,0,0,0,0,0,0,0
39.375,39.375,39.375,39.375,39.375,39.375,39.375,39.375,39.375,5.3125,5.3125,5.3125,5.3125,5.3125,5.3125,5.3125,5.3125,5.3125,6.7857,6.7857,6.7857,6.7857,6.7857,6.7857,6.7857,6.7857,6.7857
61.875,61.875,61.875,61.875,61.875,61.875,61.875,61.875,61.875,47.812,47.812,47.812,47.812,47.812,47.812,47.812,47.812,47.812,43.929,43.929,43.929,43.929,43.929,43.929,43.929,43.929,43.929
6.25,6.25,6.25,6.25,6.25,6.25,6.25,6.25,6.25,1.875,1.875,1.875,1.875,1.875,1.875,1.875,1.875,1.875,0.71429,0.71429,0.71429,0.71429,0.71429,0.71429,0.71429,0.71429,0.71429
14.375,14.375,14.375,14.375,14.375,14.375,14.375,14.375,14.375,11.875,11.875,11.875,11.875,11.875,11.875,11.875,11.875,11.875,9.6429,9.6429,9.6429,9.6429,9.6429,9.6429,9.6429,9.6429,9.6429
10,10,10,10,10,10,10,10,10,5.9375,5.9375,5.9375,5.9375,5.9375,5.9375,5.9375,5.9375,5.9375,7.1429,7.1429,7.1429,7.1429,7.1429,7.1429,7.1429,7.1429,7.1429
0,0,0,0,0,0,0,0,0,5.3125,5.3125,5.3125,5.3125,5.3125,5.3125,5.3125,5.3125,5.3125,11.964,11.964,11.964,11.964,11.964,11.964,11.964,11.964,11.964
1.25,1.25,1.25,1.25,1.25,1.25,1.25,1.25,1.25,4.6875,4.6875,4.6875,4.6875,4.6875,4.6875,4.6875,4.6875,4.6875,8.0357,8.0357,8.0357,8.0357,8.0357,8.0357,8.0357,8.0357,8.0357
9.375,9.375,9.375,9.375,9.375,9.375,9.375,9.375,9.375,1.5625,1.5625,1.5625,1.5625,1.5625,1.5625,1.5625,1.5625,1.5625,0.71429,0.71429,0.71429,0.71429,0.71429,0.71429,0.71429,0.71429,0.71429
3.125,3.125,3.125,3.125,3.125,3.125,3.125,3.125,3.125,0.625,0.625,0.625,0.625,0.625,0.625,0.625,0.625,0.625,0,0,0,0,0,0,0,0,0
3.125,3.125,3.125,3.125,3.125,3.125,3.125,3.125,3.125,2.5,2.5,2.5,2.5,2.5,2.5,2.5,2.5,2.5,1.7857,1.7857,1.7857,1.7857,1.7857,1.7857,1.7857,1.7857,1.7857
5,5,5,5,5,5,5,5,5,1.875,1.875,1.875,1.875,1.875,1.875,1.875,1.875,1.875,0.89286,0.89286,0.89286,0.89286,0.89286,0.89286,0.89286,0.89286,0.89286
15,15,15,15,15,15,15,15,15,21.875,21.875,21.875,21.875,21.875,21.875,21.875,21.875,21.875,22.857,22.857,22.857,22.857,22.857,22.857,22.857,22.857,22.857
0,0,0,0,0,0,0,0,0,0.3125,0.3125,0.3125,0.3125,0.3125,0.3125,0.3125,0.3125,0.3125,0.17857,0.17857,0.17857,0.17857,0.17857,0.17857,0.17857,0.17857,0.17857
17.5,17.5,17.5,17.5,17.5,17.5,17.5,17.5,17.5,15.938,15.938,15.938,15.938,15.938,15.938,15.938,15.938,15.938,20.357,20.357,20.357,20.357,20.357,20.357,20.357,20.357,20.357
7.5,7.5,7.5,7.5,7.5,7.5,7.5,7.5,7.5,13.438,13.438,13.438,13.438,13.438,13.438,13.438,13.438,13.438,11.786,11.786,11.786,11.786,11.786,11.786,11.786,11.786,11.786
5.625,5.625,5.625,5.625,5.625,5.625,5.625,5.625,5.625,7.5,7.5,7.5,7.5,7.5,7.5,7.5,7.5,7.5,6.6071,6.6071,6.6071,6.6071,6.6071,6.6071,6.6071,6.6071,6.6071
44,44,44,44,44,44,44,44,44,3.4783,3.4783,3.4783,3.4783,3.4783,3.4783,3.4783,3.4783,3.4783,6.3333,6.3333,6.3333,6.3333,6.3333,6.3333,6.3333,6.3333,6.3333
14,14,14,14,14,14,14,14,14,6.9565,6.9565,6.9565,6.9565,6.9565,6.9565,6.9565,6.9565,6.9565,21.667,21.667,21.667,21.667,21.667,21.667,21.667,21.667,21.667
2,2,2,2,2,2,2,2,2,0.21739,0.21739,0.21739,0.21739,0.21739,0.21739,0.21739,0.21739,0.21739,0.33333,0.33333,0.33333,0.33333,0.33333,0.33333,0.33333,0.33333,0.33333
5,5,5,5,5,5,5,5,5,4.1304,4.1304,4.1304,4.1304,4.1304,4.1304,4.1304,4.1304,4.1304,3.6667,3.6667,3.6667,3.6667,3.6667,3.6667,3.6667,3.6667,3.6667
9,9,9,9,9,9,9,9,9,14.348,14.348,14.348,14.348,14.348,14.348,14.348,14.348,14.348,9,9,9,9,9,9,9,9,9
4,4,4,4,4,4,4,4,4,0,0,0,0,0,0,0,0,0,0,0,0,0,0,0,0,0,0
2,2,2,2,2,2,2,2,2,1.3043,1.3043,1.3043,1.3043,1.3043,1.3043,1.3043,1.3043,1.3043,2,2,2,2,2,2,2,2,2
0,0,0,0,0,0,0,0,0,0.65217,0.65217,0.65217,0.65217,0.65217,0.65217,0.65217,0.65217,0.65217,0,0,0,0,0,0,0,0,0
19,19,19,19,19,19,19,19,19,10.217,10.217,10.217,10.217,10.217,10.217,10.217,10.217,10.217,7.3333,7.3333,7.3333,7.3333,7.3333,7.3333,7.3333,7.3333,7.3333
0,0,0,0,0,0,0,0,0,0,0,0,0,0,0,0,0,0,0,0,0,0,0,0,0,0,0
7,7,7,7,7,7,7,7,7,11.304,11.304,11.304,11.304,11.304,11.304,11.304,11.304,11.304,21.667,21.667,21.667,21.667,21.667,21.667,21.667,21.667,21.667
9,9,9,9,9,9,9,9,9,12.174,12.174,12.174,12.174,12.174,12.174,12.174,12.174,12.174,14,14,14,14,14,14,14,14,14
0,0,0,0,0,0,0,0,0,0.65217,0.65217,0.65217,0.65217,0.65217,0.65217,0.65217,0.65217,0.65217,2,2,2,2,2,2,2,2,2
0,0,0,0,0,0,0,0,0,0.65217,0.65217,0.65217,0.65217,0.65217,0.65217,0.65217,0.65217,0.65217,0,0,0,0,0,0,0,0,0
0,0,0,0,0,0,0,0,0,0,0,0,0,0,0,0,0,0,0,0,0,0,0,0,0,0,0
0,0,0,0,0,0,0,0,0,7.1429,7.1429,7.1429,7.1429,7.1429,7.1429,7.1429,7.1429,7.1429,10.333,10.333,10.333,10.333,10.333,10.333,10.333,10.333,10.333
5,5,5,5,5,5,5,5,5,2.5,2.5,2.5,2.5,2.5,2.5,2.5,2.5,2.5,6,6,6,6,6,6,6,6,6
0.625,0.625,0.625,0.625,0.625,0.625,0.625,0.625,0.625,0,0,0,0,0,0,0,0,0,0,0,0,0,0,0,0,0,0
10.625,10.625,10.625,10.625,10.625,10.625,10.625,10.625,10.625,17.143,17.143,17.143,17.143,17.143,17.143,17.143,17.143,17.143,27.667,27.667,27.667,27.667,27.667,27.667,27.667,27.667,27.667
0,0,0,0,0,0,0,0,0,5.3571,5.3571,5.3571,5.3571,5.3571,5.3571,5.3571,5.3571,5.3571,1.3333,1.3333,1.3333,1.3333,1.3333,1.3333,1.3333,1.3333,1.3333
0,0,0,0,0,0,0,0,0,0,0,0,0,0,0,0,0,0,0,0,0,0,0,0,0,0,0
0,0,0,0,0,0,0,0,0,0,0,0,0,0,0,0,0,0,0,0,0,0,0,0,0,0,0
15.833,15.833,15.833,15.833,15.833,15.833,15.833,15.833,15.833,5,5,5,5,5,5,5,5,5,3.6364,3.6364,3.6364,3.6364,3.6364,3.6364,3.6364,3.6364,3.6364
35,35,35,35,35,35,35,35,35,45,45,45,45,45,45,45,45,45,40,40,40,40,40,40,40,40,40
23.333,23.333,23.333,23.333,23.333,23.333,23.333,23.333,23.333,26.667,26.667,26.667,26.667,26.667,26.667,26.667,26.667,26.667,28.182,28.182,28.182,28.182,28.182,28.182,28.182,28.182,28.182
46.667,46.667,46.667,46.667,46.667,46.667,46.667,46.667,46.667,45.833,45.833,45.833,45.833,45.833,45.833,45.833,45.833,45.833,43.182,43.182,43.182,43.182,43.182,43.182,43.182,43.182,43.182
0,0,0,0,0,0,0,0,0,0,0,0,0,0,0,0,0,0,0.90909,0.90909,0.90909,0.90909,0.90909,0.90909,0.90909,0.90909,0.90909
0,0,0,0,0,0,0,0,0,7.1875,7.1875,7.1875,7.1875,7.1875,7.1875,7.1875,7.1875,7.1875,16.5,16.5,16.5,16.5,16.5,16.5,16.5,16.5,16.5
70,70,70,70,70,70,70,70,70,43.125,43.125,43.125,43.125,43.125,43.125,43.125,43.125,43.125,33.5,33.5,33.5,33.5,33.5,33.5,33.5,33.5,33.5
0,0,0,0,0,0,0,0,0,14.062,14.062,14.062,14.062,14.062,14.062,14.062,14.062,14.062,18.5,18.5,18.5,18.5,18.5,18.5,18.5,18.5,18.5
27.5,27.5,27.5,27.5,27.5,27.5,27.5,27.5,27.5,23.75,23.75,23.75,23.75,23.75,23.75,23.75,23.75,23.75,27,27,27,27,27,27,27,27,27
7.5,7.5,7.5,7.5,7.5,7.5,7.5,7.5,7.5,11.562,11.562,11.562,11.562,11.562,11.562,11.562,11.562,11.562,4.25,4.25,4.25,4.25,4.25,4.25,4.25,4.25,4.25
17.5,17.5,17.5,17.5,17.5,17.5,17.5,17.5,17.5,17.188,17.188,17.188,17.188,17.188,17.188,17.188,17.188,17.188,18.5,18.5,18.5,18.5,18.5,18.5,18.5,18.5,18.5
45,45,45,45,45,45,45,45,45,31.875,31.875,31.875,31.875,31.875,31.875,31.875,31.875,31.875,32.25,32.25,32.25,32.25,32.25,32.25,32.25,32.25,32.25
0,0,0,0,0,0,0,0,0,0,0,0,0,0,0,0,0,0,0,0,0,0,0,0,0,0,0
32.5,32.5,32.5,32.5,32.5,32.5,32.5,32.5,32.5,24.062,24.062,24.062,24.062,24.062,24.062,24.062,24.062,24.062,28.5,28.5,28.5,28.5,28.5,28.5,28.5,28.5,28.5
0,0,0,0,0,0,0,0,0,0,0,0,0,0,0,0,0,0,0,0,0,0,0,0,0,0,0
2.5,2.5,2.5,2.5,2.5,2.5,2.5,2.5,2.5,4.25,4.25,4.25,4.25,4.25,4.25,4.25,4.25,4.25,5.8621,5.8621,5.8621,5.8621,5.8621,5.8621,5.8621,5.8621,5.8621
2.5,2.5,2.5,2.5,2.5,2.5,2.5,2.5,2.5,4,4,4,4,4,4,4,4,4,16.724,16.724,16.724,16.724,16.724,16.724,16.724,16.724,16.724
35,35,35,35,35,35,35,35,35,20.5,20.5,20.5,20.5,20.5,20.5,20.5,20.5,20.5,23.103,23.103,23.103,23.103,23.103,23.103,23.103,23.103,23.103
35,35,35,35,35,35,35,35,35,19.75,19.75,19.75,19.75,19.75,19.75,19.75,19.75,19.75,24.483,24.483,24.483,24.483,24.483,24.483,24.483,24.483,24.483
21.25,21.25,21.25,21.25,21.25,21.25,21.25,21.25,21.25,14.5,14.5,14.5,14.5,14.5,14.5,14.5,14.5,14.5,20.862,20.862,20.862,20.862,20.862,20.862,20.862,20.862,20.862
35,35,35,35,35,35,35,35,35,34.5,34.5,34.5,34.5,34.5,34.5,34.5,34.5,34.5,33.966,33.966,33.966,33.966,33.966,33.966,33.966,33.966,33.966
16.25,16.25,16.25,16.25,16.25,16.25,16.25,16.25,16.25,15,15,15,15,15,15,15,15,15,31.379,31.379,31.379,31.379,31.379,31.379,31.379,31.379,31.379
10,10,10,10,10,10,10,10,10,11.25,11.25,11.25,11.25,11.25,11.25,11.25,11.25,11.25,23.448,23.448,23.448,23.448,23.448,23.448,23.448,23.448,23.448
16.111,16.111,16.111,16.111,16.111,16.111,16.111,16.111,16.111,18.75,18.75,18.75,18.75,18.75,18.75,18.75,18.75,18.75,31.25,31.25,31.25,31.25,31.25,31.25,31.25,31.25,31.25
3.3333,3.3333,3.3333,3.3333,3.3333,3.3333,3.3333,3.3333,3.3333,5,5,5,5,5,5,5,5,5,3.125,3.125,3.125,3.125,3.125,3.125,3.125,3.125,3.125
0,0,0,0,0,0,0,0,0,0,0,0,0,0,0,0,0,0,1.25,1.25,1.25,1.25,1.25,1.25,1.25,1.25,1.25
0.55556,0.55556,0.55556,0.55556,0.55556,0.55556,0.55556,0.55556,0.55556,0,0,0,0,0,0,0,0,0,0,0,0,0,0,0,0,0,0
14.444,14.444,14.444,14.444,14.444,14.444,14.444,14.444,14.444,18.125,18.125,18.125,18.125,18.125,18.125,18.125,18.125,18.125,22.5,22.5,22.5,22.5,22.5,22.5,22.5,22.5,22.5
1.6667,1.6667,1.6667,1.6667,1.6667,1.6667,1.6667,1.6667,1.6667,2.5,2.5,2.5,2.5,2.5,2.5,2.5,2.5,2.5,4.375,4.375,4.375,4.375,4.375,4.375,4.375,4.375,4.375
0,0,0,0,0,0,0,0,0,0.625,0.625,0.625,0.625,0.625,0.625,0.625,0.625,0.625,0,0,0,0,0,0,0,0,0
0.55556,0.55556,0.55556,0.55556,0.55556,0.55556,0.55556,0.55556,0.55556,0,0,0,0,0,0,0,0,0,0,0,0,0,0,0,0,0,0
1.1111,1.1111,1.1111,1.1111,1.1111,1.1111,1.1111,1.1111,1.1111,2.5,2.5,2.5,2.5,2.5,2.5,2.5,2.5,2.5,11.25,11.25,11.25,11.25,11.25,11.25,11.25,11.25,11.25
0,0,0,0,0,0,0,0,0,0,0,0,0,0,0,0,0,0,1.25,1.25,1.25,1.25,1.25,1.25,1.25,1.25,1.25
0.55556,0.55556,0.55556,0.55556,0.55556,0.55556,0.55556,0.55556,0.55556,3.75,3.75,3.75,3.75,3.75,3.75,3.75,3.75,3.75,1.25,1.25,1.25,1.25,1.25,1.25,1.25,1.25,1.25
27.778,27.778,27.778,27.778,27.778,27.778,27.778,27.778,27.778,12.5,12.5,12.5,12.5,12.5,12.5,12.5,12.5,12.5,5.625,5.625,5.625,5.625,5.625,5.625,5.625,5.625,5.625
0.55556,0.55556,0.55556,0.55556,0.55556,0.55556,0.55556,0.55556,0.55556,0,0,0,0,0,0,0,0,0,0,0,0,0,0,0,0,0,0
21.667,21.667,21.667,21.667,21.667,21.667,21.667,21.667,21.667,13.75,13.75,13.75,13.75,13.75,13.75,13.75,13.75,13.75,20.625,20.625,20.625,20.625,20.625,20.625,20.625,20.625,20.625
13.182,13.182,13.182,13.182,13.182,13.182,13.182,13.182,13.182,10.769,10.769,10.769,10.769,10.769,10.769,10.769,10.769,10.769,14.615,14.615,14.615,14.615,14.615,14.615,14.615,14.615,14.615
1.8182,1.8182,1.8182,1.8182,1.8182,1.8182,1.8182,1.8182,1.8182,2.6923,2.6923,2.6923,2.6923,2.6923,2.6923,2.6923,2.6923,2.6923,5.7692,5.7692,5.7692,5.7692,5.7692,5.7692,5.7692,5.7692,5.7692
0.22727,0.22727,0.22727,0.22727,0.22727,0.22727,0.22727,0.22727,0.22727,0.38462,0.38462,0.38462,0.38462,0.38462,0.38462,0.38462,0.38462,0.38462,1.1538,1.1538,1.1538,1.1538,1.1538,1.1538,1.1538,1.1538,1.1538
0,0,0,0,0,0,0,0,0,0,0,0,0,0,0,0,0,0,1.1538,1.1538,1.1538,1.1538,1.1538,1.1538,1.1538,1.1538,1.1538
13.636,13.636,13.636,13.636,13.636,13.636,13.636,13.636,13.636,5,5,5,5,5,5,5,5,5,4.6154,4.6154,4.6154,4.6154,4.6154,4.6154,4.6154,4.6154,4.6154
5.4545,5.4545,5.4545,5.4545,5.4545,5.4545,5.4545,5.4545,5.4545,5.3846,5.3846,5.3846,5.3846,5.3846,5.3846,5.3846,5.3846,5.3846,5,5,5,5,5,5,5,5,5
5.2273,5.2273,5.2273,5.2273,5.2273,5.2273,5.2273,5.2273,5.2273,16.538,16.538,16.538,16.538,16.538,16.538,16.538,16.538,16.538,19.615,19.615,19.615,19.615,19.615,19.615,19.615,19.615,19.615
0.22727,0.22727,0.22727,0.22727,0.22727,0.22727,0.22727,0.22727,0.22727,1.1538,1.1538,1.1538,1.1538,1.1538,1.1538,1.1538,1.1538,1.1538,0.38462,0.38462,0.38462,0.38462,0.38462,0.38462,0.38462,0.38462,0.38462
42,42,42,42,42,42,42,42,42,40,40,40,40,40,40,40,40,40,29.423,29.423,29.423,29.423,29.423,29.423,29.423,29.423,29.423
2.5,2.5,2.5,2.5,2.5,2.5,2.5,2.5,2.5,5.9375,5.9375,5.9375,5.9375,5.9375,5.9375,5.9375,5.9375,5.9375,11.538,11.538,11.538,11.538,11.538,11.538,11.538,11.538,11.538
12.5,12.5,12.5,12.5,12.5,12.5,12.5,12.5,12.5,7.5,7.5,7.5,7.5,7.5,7.5,7.5,7.5,7.5,5.7692,5.7692,5.7692,5.7692,5.7692,5.7692,5.7692,5.7692,5.7692
0,0,0,0,0,0,0,0,0,0,0,0,0,0,0,0,0,0,0,0,0,0,0,0,0,0,0
4.25,4.25,4.25,4.25,4.25,4.25,4.25,4.25,4.25,13.75,13.75,13.75,13.75,13.75,13.75,13.75,13.75,13.75,30.577,30.577,30.577,30.577,30.577,30.577,30.577,30.577,30.577
0.25,0.25,0.25,0.25,0.25,0.25,0.25,0.25,0.25,5,5,5,5,5,5,5,5,5,10,10,10,10,10,10,10,10,10
15.25,15.25,15.25,15.25,15.25,15.25,15.25,15.25,15.25,14.688,14.688,14.688,14.688,14.688,14.688,14.688,14.688,14.688,20.192,20.192,20.192,20.192,20.192,20.192,20.192,20.192,20.192
0.25,0.25,0.25,0.25,0.25,0.25,0.25,0.25,0.25,0.625,0.625,0.625,0.625,0.625,0.625,0.625,0.625,0.625,0.38462,0.38462,0.38462,0.38462,0.38462,0.38462,0.38462,0.38462,0.38462
11,11,11,11,11,11,11,11,11,13.182,13.182,13.182,13.182,13.182,13.182,13.182,13.182,13.182,24.444,24.444,24.444,24.444,24.444,24.444,24.444,24.444,24.444
0,0,0,0,0,0,0,0,0,0,0,0,0,0,0,0,0,0,1.1111,1.1111,1.1111,1.1111,1.1111,1.1111,1.1111,1.1111,1.1111
31,31,31,31,31,31,31,31,31,36.364,36.364,36.364,36.364,36.364,36.364,36.364,36.364,36.364,36.667,36.667,36.667,36.667,36.667,36.667,36.667,36.667,36.667
10.882,10.882,10.882,10.882,10.882,10.882,10.882,10.882,10.882,4.6875,4.6875,4.6875,4.6875,4.6875,4.6875,4.6875,4.6875,4.6875,9.6875,9.6875,9.6875,9.6875,9.6875,9.6875,9.6875,9.6875,9.6875
3.8235,3.8235,3.8235,3.8235,3.8235,3.8235,3.8235,3.8235,3.8235,11.875,11.875,11.875,11.875,11.875,11.875,11.875,11.875,11.875,12.812,12.812,12.812,12.812,12.812,12.812,12.812,12.812,12.812
2.3529,2.3529,2.3529,2.3529,2.3529,2.3529,2.3529,2.3529,2.3529,3.75,3.75,3.75,3.75,3.75,3.75,3.75,3.75,3.75,10.938,10.938,10.938,10.938,10.938,10.938,10.938,10.938,10.938
0,0,0,0,0,0,0,0,0,0,0,0,0,0,0,0,0,0,0,0,0,0,0,0,0,0,0
0,0,0,0,0,0,0,0,0,0.3125,0.3125,0.3125,0.3125,0.3125,0.3125,0.3125,0.3125,0.3125,0,0,0,0,0,0,0,0,0
12.647,12.647,12.647,12.647,12.647,12.647,12.647,12.647,12.647,11.875,11.875,11.875,11.875,11.875,11.875,11.875,11.875,11.875,7.1875,7.1875,7.1875,7.1875,7.1875,7.1875,7.1875,7.1875,7.1875
26.765,26.765,26.765,26.765,26.765,26.765,26.765,26.765,26.765,1.875,1.875,1.875,1.875,1.875,1.875,1.875,1.875,1.875,0.3125,0.3125,0.3125,0.3125,0.3125,0.3125,0.3125,0.3125,0.3125
0.88235,0.88235,0.88235,0.88235,0.88235,0.88235,0.88235,0.88235,0.88235,0.625,0.625,0.625,0.625,0.625,0.625,0.625,0.625,0.625,1.875,1.875,1.875,1.875,1.875,1.875,1.875,1.875,1.875
0,0,0,0,0,0,0,0,0,1.25,1.25,1.25,1.25,1.25,1.25,1.25,1.25,1.25,1.5625,1.5625,1.5625,1.5625,1.5625,1.5625,1.5625,1.5625,1.5625
26.765,26.765,26.765,26.765,26.765,26.765,26.765,26.765,26.765,42.5,42.5,42.5,42.5,42.5,42.5,42.5,42.5,42.5,38.125,38.125,38.125,38.125,38.125,38.125,38.125,38.125,38.125
6.9048,6.9048,6.9048,6.9048,6.9048,6.9048,6.9048,6.9048,6.9048,5.7143,5.7143,5.7143,5.7143,5.7143,5.7143,5.7143,5.7143,5.7143,12.593,12.593,12.593,12.593,12.593,12.593,12.593,12.593,12.593
13.571,13.571,13.571,13.571,13.571,13.571,13.571,13.571,13.571,15.714,15.714,15.714,15.714,15.714,15.714,15.714,15.714,15.714,31.481,31.481,31.481,31.481,31.481,31.481,31.481,31.481,31.481
1.6667,1.6667,1.6667,1.6667,1.6667,1.6667,1.6667,1.6667,1.6667,1.1905,1.1905,1.1905,1.1905,1.1905,1.1905,1.1905,1.1905,1.1905,5.7407,5.7407,5.7407,5.7407,5.7407,5.7407,5.7407,5.7407,5.7407
26.905,26.905,26.905,26.905,26.905,26.905,26.905,26.905,26.905,38.81,38.81,38.81,38.81,38.81,38.81,38.81,38.81,38.81,36.481,36.481,36.481,36.481,36.481,36.481,36.481,36.481,36.481
4.0909,4.0909,4.0909,4.0909,4.0909,4.0909,4.0909,4.0909,4.0909,7.8947,7.8947,7.8947,7.8947,7.8947,7.8947,7.8947,7.8947,7.8947,3.125,3.125,3.125,3.125,3.125,3.125,3.125,3.125,3.125
0.90909,0.90909,0.90909,0.90909,0.90909,0.90909,0.90909,0.90909,0.90909,0,0,0,0,0,0,0,0,0,0.3125,0.3125,0.3125,0.3125,0.3125,0.3125,0.3125,0.3125,0.3125
20.455,20.455,20.455,20.455,20.455,20.455,20.455,20.455,20.455,27.368,27.368,27.368,27.368,27.368,27.368,27.368,27.368,27.368,45.625,45.625,45.625,45.625,45.625,45.625,45.625,45.625,45.625
0,0,0,0,0,0,0,0,0,0.26316,0.26316,0.26316,0.26316,0.26316,0.26316,0.26316,0.26316,0.26316,1.25,1.25,1.25,1.25,1.25,1.25,1.25,1.25,1.25
27.727,27.727,27.727,27.727,27.727,27.727,27.727,27.727,27.727,27.895,27.895,27.895,27.895,27.895,27.895,27.895,27.895,27.895,25.938,25.938,25.938,25.938,25.938,25.938,25.938,25.938,25.938
0,0,0,0,0,0,0,0,0,0.26316,0.26316,0.26316,0.26316,0.26316,0.26316,0.26316,0.26316,0.26316,3.125,3.125,3.125,3.125,3.125,3.125,3.125,3.125,3.125
16.364,16.364,16.364,16.364,16.364,16.364,16.364,16.364,16.364,13.947,13.947,13.947,13.947,13.947,13.947,13.947,13.947,13.947,5.625,5.625,5.625,5.625,5.625,5.625,5.625,5.625,5.625
0,0,0,0,0,0,0,0,0,0.52632,0.52632,0.52632,0.52632,0.52632,0.52632,0.52632,0.52632,0.52632,0.625,0.625,0.625,0.625,0.625,0.625,0.625,0.625,0.625
37.273,37.273,37.273,37.273,37.273,37.273,37.273,37.273,37.273,25.263,25.263,25.263,25.263,25.263,25.263,25.263,25.263,25.263,10,10,10,10,10,10,10,10,10
0,0,0,0,0,0,0,0,0,2.8947,2.8947,2.8947,2.8947,2.8947,2.8947,2.8947,2.8947,2.8947,2.1875,2.1875,2.1875,2.1875,2.1875,2.1875,2.1875,2.1875,2.1875
33.182,33.182,33.182,33.182,33.182,33.182,33.182,33.182,33.182,41.579,41.579,41.579,41.579,41.579,41.579,41.579,41.579,41.579,38.125,38.125,38.125,38.125,38.125,38.125,38.125,38.125,38.125
0,0,0,0,0,0,0,0,0,0.2,0.2,0.2,0.2,0.2,0.2,0.2,0.2,0.2,0,0,0,0,0,0,0,0,0
13.704,13.704,13.704,13.704,13.704,13.704,13.704,13.704,13.704,17.2,17.2,17.2,17.2,17.2,17.2,17.2,17.2,17.2,10.833,10.833,10.833,10.833,10.833,10.833,10.833,10.833,10.833
27.593,27.593,27.593,27.593,27.593,27.593,27.593,27.593,27.593,20.2,20.2,20.2,20.2,20.2,20.2,20.2,20.2,20.2,53.125,53.125,53.125,53.125,53.125,53.125,53.125,53.125,53.125
0,0,0,0,0,0,0,0,0,0,0,0,0,0,0,0,0,0,0.625,0.625,0.625,0.625,0.625,0.625,0.625,0.625,0.625
13.704,13.704,13.704,13.704,13.704,13.704,13.704,13.704,13.704,7.8,7.8,7.8,7.8,7.8,7.8,7.8,7.8,7.8,7.0833,7.0833,7.0833,7.0833,7.0833,7.0833,7.0833,7.0833,7.0833
1.4815,1.4815,1.4815,1.4815,1.4815,1.4815,1.4815,1.4815,1.4815,1.8,1.8,1.8,1.8,1.8,1.8,1.8,1.8,1.8,1.0417,1.0417,1.0417,1.0417,1.0417,1.0417,1.0417,1.0417,1.0417
45.926,45.926,45.926,45.926,45.926,45.926,45.926,45.926,45.926,31,31,31,31,31,31,31,31,31,5.625,5.625,5.625,5.625,5.625,5.625,5.625,5.625,5.625
35.926,35.926,35.926,35.926,35.926,35.926,35.926,35.926,35.926,38.2,38.2,38.2,38.2,38.2,38.2,38.2,38.2,38.2,43.125,43.125,43.125,43.125,43.125,43.125,43.125,43.125,43.125
6.9444,6.9444,6.9444,6.9444,6.9444,6.9444,6.9444,6.9444,6.9444,10,10,10,10,10,10,10,10,10,12.167,12.167,12.167,12.167,12.167,12.167,12.167,12.167,12.167
21.111,21.111,21.111,21.111,21.111,21.111,21.111,21.111,21.111,23.5,23.5,23.5,23.5,23.5,23.5,23.5,23.5,23.5,53.833,53.833,53.833,53.833,53.833,53.833,53.833,53.833,53.833
16.944,16.944,16.944,16.944,16.944,16.944,16.944,16.944,16.944,11,11,11,11,11,11,11,11,11,6.5,6.5,6.5,6.5,6.5,6.5,6.5,6.5,6.5
0,0,0,0,0,0,0,0,0,0,0,0,0,0,0,0,0,0,0.16667,0.16667,0.16667,0.16667,0.16667,0.16667,0.16667,0.16667,0.16667
0,0,0,0,0,0,0,0,0,3.25,3.25,3.25,3.25,3.25,3.25,3.25,3.25,3.25,5.6667,5.6667,5.6667,5.6667,5.6667,5.6667,5.6667,5.6667,5.6667
33.056,33.056,33.056,33.056,33.056,33.056,33.056,33.056,33.056,27,27,27,27,27,27,27,27,27,8,8,8,8,8,8,8,8,8
33.889,33.889,33.889,33.889,33.889,33.889,33.889,33.889,33.889,37,37,37,37,37,37,37,37,37,37.333,37.333,37.333,37.333,37.333,37.333,37.333,37.333,37.333
14.167,14.167,14.167,14.167,14.167,14.167,14.167,14.167,14.167,13.2,13.2,13.2,13.2,13.2,13.2,13.2,13.2,13.2,6.1905,6.1905,6.1905,6.1905,6.1905,6.1905,6.1905,6.1905,6.1905
7.5,7.5,7.5,7.5,7.5,7.5,7.5,7.5,7.5,15.8,15.8,15.8,15.8,15.8,15.8,15.8,15.8,15.8,21.429,21.429,21.429,21.429,21.429,21.429,21.429,21.429,21.429
1.0417,1.0417,1.0417,1.0417,1.0417,1.0417,1.0417,1.0417,1.0417,4.2,4.2,4.2,4.2,4.2,4.2,4.2,4.2,4.2,4.2857,4.2857,4.2857,4.2857,4.2857,4.2857,4.2857,4.2857,4.2857
31.875,31.875,31.875,31.875,31.875,31.875,31.875,31.875,31.875,29.2,29.2,29.2,29.2,29.2,29.2,29.2,29.2,29.2,13.333,13.333,13.333,13.333,13.333,13.333,13.333,13.333,13.333
0.20833,0.20833,0.20833,0.20833,0.20833,0.20833,0.20833,0.20833,0.20833,0,0,0,0,0,0,0,0,0,0.2381,0.2381,0.2381,0.2381,0.2381,0.2381,0.2381,0.2381,0.2381
7.5,7.5,7.5,7.5,7.5,7.5,7.5,7.5,7.5,7.4,7.4,7.4,7.4,7.4,7.4,7.4,7.4,7.4,3.0952,3.0952,3.0952,3.0952,3.0952,3.0952,3.0952,3.0952,3.0952
8.3333,8.3333,8.3333,8.3333,8.3333,8.3333,8.3333,8.3333,8.3333,0,0,0,0,0,0,0,0,0,1,1,1,1,1,1,1,1,1
19.167,19.167,19.167,19.167,19.167,19.167,19.167,19.167,19.167,0,0,0,0,0,0,0,0,0,0,0,0,0,0,0,0,0,0
27.5,27.5,27.5,27.5,27.5,27.5,27.5,27.5,27.5,28.333,28.333,28.333,28.333,28.333,28.333,28.333,28.333,28.333,28,28,28,28,28,28,28,28,28
15.833,15.833,15.833,15.833,15.833,15.833,15.833,15.833,15.833,5,5,5,5,5,5,5,5,5,15,15,15,15,15,15,15,15,15
4.1667,4.1667,4.1667,4.1667,4.1667,4.1667,4.1667,4.1667,4.1667,0,0,0,0,0,0,0,0,0,0,0,0,0,0,0,0,0,0
27.5,27.5,27.5,27.5,27.5,27.5,27.5,27.5,27.5,23.333,23.333,23.333,23.333,23.333,23.333,23.333,23.333,23.333,29,29,29,29,29,29,29,29,29
0.83333,0.83333,0.83333,0.83333,0.83333,0.83333,0.83333,0.83333,0.83333,0,0,0,0,0,0,0,0,0,1,1,1,1,1,1,1,1,1
16.667,16.667,16.667,16.667,16.667,16.667,16.667,16.667,16.667,0,0,0,0,0,0,0,0,0,0,0,0,0,0,0,0,0,0
48.333,48.333,48.333,48.333,48.333,48.333,48.333,48.333,48.333,28.333,28.333,28.333,28.333,28.333,28.333,28.333,28.333,28.333,37,37,37,37,37,37,37,37,37
27.5,27.5,27.5,27.5,27.5,27.5,27.5,27.5,27.5,13.333,13.333,13.333,13.333,13.333,13.333,13.333,13.333,13.333,14,14,14,14,14,14,14,14,14
8.3333,8.3333,8.3333,8.3333,8.3333,8.3333,8.3333,8.3333,8.3333,6.6667,6.6667,6.6667,6.6667,6.6667,6.6667,6.6667,6.6667,6.6667,8,8,8,8,8,8,8,8,8
8.3333,8.3333,8.3333,8.3333,8.3333,8.3333,8.3333,8.3333,8.3333,0,0,0,0,0,0,0,0,0,20,20,20,20,20,20,20,20,20
21.667,21.667,21.667,21.667,21.667,21.667,21.667,21.667,21.667,5,5,5,5,5,5,5,5,5,33.75,33.75,33.75,33.75,33.75,33.75,33.75,33.75,33.75
36.667,36.667,36.667,36.667,36.667,36.667,36.667,36.667,36.667,35,35,35,35,35,35,35,35,35,48.75,48.75,48.75,48.75,48.75,48.75,48.75,48.75,48.75
11.667,11.667,11.667,11.667,11.667,11.667,11.667,11.667,11.667,20,20,20,20,20,20,20,20,20,17.5,17.5,17.5,17.5,17.5,17.5,17.5,17.5,17.5
5,5,5,5,5,5,5,5,5,5,5,5,5,5,5,5,5,5,30,30,30,30,30,30,30,30,30
3.3333,3.3333,3.3333,3.3333,3.3333,3.3333,3.3333,3.3333,3.3333,0,0,0,0,0,0,0,0,0,5,5,5,5,5,5,5,5,5
13.333,13.333,13.333,13.333,13.333,13.333,13.333,13.333,13.333,0,0,0,0,0,0,0,0,0,23.75,23.75,23.75,23.75,23.75,23.75,23.75,23.75,23.75
10.833,10.833,10.833,10.833,10.833,10.833,10.833,10.833,10.833,16.667,16.667,16.667,16.667,16.667,16.667,16.667,16.667,16.667,25.833,25.833,25.833,25.833,25.833,25.833,25.833,25.833,25.833
43.333,43.333,43.333,43.333,43.333,43.333,43.333,43.333,43.333,5,5,5,5,5,5,5,5,5,2.5,2.5,2.5,2.5,2.5,2.5,2.5,2.5,2.5
0,0,0,0,0,0,0,0,0,0,0,0,0,0,0,0,0,0,2.5,2.5,2.5,2.5,2.5,2.5,2.5,2.5,2.5
41.667,41.667,41.667,41.667,41.667,41.667,41.667,41.667,41.667,0,0,0,0,0,0,0,0,0,0,0,0,0,0,0,0,0,0
43.333,43.333,43.333,43.333,43.333,43.333,43.333,43.333,43.333,0,0,0,0,0,0,0,0,0,0,0,0,0,0,0,0,0,0
15,15,15,15,15,15,15,15,15,6.6667,6.6667,6.6667,6.6667,6.6667,6.6667,6.6667,6.6667,6.6667,10,10,10,10,10,10,10,10,10
0.83333,0.83333,0.83333,0.83333,0.83333,0.83333,0.83333,0.83333,0.83333,0,0,0,0,0,0,0,0,0,0,0,0,0,0,0,0,0,0
35.833,35.833,35.833,35.833,35.833,35.833,35.833,35.833,35.833,0,0,0,0,0,0,0,0,0,0,0,0,0,0,0,0,0,0
0.83333,0.83333,0.83333,0.83333,0.83333,0.83333,0.83333,0.83333,0.83333,0,0,0,0,0,0,0,0,0,0,0,0,0,0,0,0,0,0
31.667,31.667,31.667,31.667,31.667,31.667,31.667,31.667,31.667,15,15,15,15,15,15,15,15,15,10.833,10.833,10.833,10.833,10.833,10.833,10.833,10.833,10.833
8.3333,8.3333,8.3333,8.3333,8.3333,8.3333,8.3333,8.3333,8.3333,3.3333,3.3333,3.3333,3.3333,3.3333,3.3333,3.3333,3.3333,3.3333,5.8333,5.8333,5.8333,5.8333,5.8333,5.8333,5.8333,5.8333,5.8333
0,0,0,0,0,0,0,0,0,0,0,0,0,0,0,0,0,0,0,0,0,0,0,0,0,0,0
0,0,0,0,0,0,0,0,0,0,0,0,0,0,0,0,0,0,0,0,0,0,0,0,0,0,0
0,0,0,0,0,0,0,0,0,3.3333,3.3333,3.3333,3.3333,3.3333,3.3333,3.3333,3.3333,3.3333,3.3333,3.3333,3.3333,3.3333,3.3333,3.3333,3.3333,3.3333,3.3333
3.3333,3.3333,3.3333,3.3333,3.3333,3.3333,3.3333,3.3333,3.3333,16.667,16.667,16.667,16.667,16.667,16.667,16.667,16.667,16.667,25,25,25,25,25,25,25,25,25
17.5,17.5,17.5,17.5,17.5,17.5,17.5,17.5,17.5,13.333,13.333,13.333,13.333,13.333,13.333,13.333,13.333,13.333,16.667,16.667,16.667,16.667,16.667,16.667,16.667,16.667,16.667
12.857,12.857,12.857,12.857,12.857,12.857,12.857,12.857,12.857,11.875,11.875,11.875,11.875,11.875,11.875,11.875,11.875,11.875,10,10,10,10,10,10,10,10,10
26.429,26.429,26.429,26.429,26.429,26.429,26.429,26.429,26.429,33.125,33.125,33.125,33.125,33.125,33.125,33.125,33.125,33.125,22.222,22.222,22.222,22.222,22.222,22.222,22.222,22.222,22.222
6.4286,6.4286,6.4286,6.4286,6.4286,6.4286,6.4286,6.4286,6.4286,25.625,25.625,25.625,25.625,25.625,25.625,25.625,25.625,25.625,26.667,26.667,26.667,26.667,26.667,26.667,26.667,26.667,26.667
22.857,22.857,22.857,22.857,22.857,22.857,22.857,22.857,22.857,6.25,6.25,6.25,6.25,6.25,6.25,6.25,6.25,6.25,2.7778,2.7778,2.7778,2.7778,2.7778,2.7778,2.7778,2.7778,2.7778
0.71429,0.71429,0.71429,0.71429,0.71429,0.71429,0.71429,0.71429,0.71429,0,0,0,0,0,0,0,0,0,2.2222,2.2222,2.2222,2.2222,2.2222,2.2222,2.2222,2.2222,2.2222
36.429,36.429,36.429,36.429,36.429,36.429,36.429,36.429,36.429,3.75,3.75,3.75,3.75,3.75,3.75,3.75,3.75,3.75,0.55556,0.55556,0.55556,0.55556,0.55556,0.55556,0.55556,0.55556,0.55556
48.571,48.571,48.571,48.571,48.571,48.571,48.571,48.571,48.571,3.75,3.75,3.75,3.75,3.75,3.75,3.75,3.75,3.75,0.55556,0.55556,0.55556,0.55556,0.55556,0.55556,0.55556,0.55556,0.55556
25.714,25.714,25.714,25.714,25.714,25.714,25.714,25.714,25.714,4.375,4.375,4.375,4.375,4.375,4.375,4.375,4.375,4.375,3.3333,3.3333,3.3333,3.3333,3.3333,3.3333,3.3333,3.3333,3.3333
0.71429,0.71429,0.71429,0.71429,0.71429,0.71429,0.71429,0.71429,0.71429,0,0,0,0,0,0,0,0,0,0,0,0,0,0,0,0,0,0
3.5714,3.5714,3.5714,3.5714,3.5714,3.5714,3.5714,3.5714,3.5714,5.625,5.625,5.625,5.625,5.625,5.625,5.625,5.625,5.625,8.3333,8.3333,8.3333,8.3333,8.3333,8.3333,8.3333,8.3333,8.3333
28.571,28.571,28.571,28.571,28.571,28.571,28.571,28.571,28.571,2.5,2.5,2.5,2.5,2.5,2.5,2.5,2.5,2.5,0,0,0,0,0,0,0,0,0
5,5,5,5,5,5,5,5,5,20.625,20.625,20.625,20.625,20.625,20.625,20.625,20.625,20.625,25,25,25,25,25,25,25,25,25
12.143,12.143,12.143,12.143,12.143,12.143,12.143,12.143,12.143,0,0,0,0,0,0,0,0,0,0,0,0,0,0,0,0,0,0
0.71429,0.71429,0.71429,0.71429,0.71429,0.71429,0.71429,0.71429,0.71429,0.625,0.625,0.625,0.625,0.625,0.625,0.625,0.625,0.625,0.55556,0.55556,0.55556,0.55556,0.55556,0.55556,0.55556,0.55556,0.55556
0,0,0,0,0,0,0,0,0,0,0,0,0,0,0,0,0,0,0,0,0,0,0,0,0,0,0
20,20,20,20,20,20,20,20,20,16.875,16.875,16.875,16.875,16.875,16.875,16.875,16.875,16.875,7.7778,7.7778,7.7778,7.7778,7.7778,7.7778,7.7778,7.7778,7.7778
2.8571,2.8571,2.8571,2.8571,2.8571,2.8571,2.8571,2.8571,2.8571,13.125,13.125,13.125,13.125,13.125,13.125,13.125,13.125,13.125,27.222,27.222,27.222,27.222,27.222,27.222,27.222,27.222,27.222
0.71429,0.71429,0.71429,0.71429,0.71429,0.71429,0.71429,0.71429,0.71429,0,0,0,0,0,0,0,0,0,0,0,0,0,0,0,0,0,0
29.545,29.545,29.545,29.545,29.545,29.545,29.545,29.545,29.545,0,0,0,0,0,0,0,0,0,0,0,0,0,0,0,0,0,0
27.727,27.727,27.727,27.727,27.727,27.727,27.727,27.727,27.727,14.5,14.5,14.5,14.5,14.5,14.5,14.5,14.5,14.5,15.556,15.556,15.556,15.556,15.556,15.556,15.556,15.556,15.556
10,10,10,10,10,10,10,10,10,11.5,11.5,11.5,11.5,11.5,11.5,11.5,11.5,11.5,21.667,21.667,21.667,21.667,21.667,21.667,21.667,21.667,21.667
14.091,14.091,14.091,14.091,14.091,14.091,14.091,14.091,14.091,7,7,7,7,7,7,7,7,7,7.2222,7.2222,7.2222,7.2222,7.2222,7.2222,7.2222,7.2222,7.2222
8.1818,8.1818,8.1818,8.1818,8.1818,8.1818,8.1818,8.1818,8.1818,10.5,10.5,10.5,10.5,10.5,10.5,10.5,10.5,10.5,7.7778,7.7778,7.7778,7.7778,7.7778,7.7778,7.7778,7.7778,7.7778
27.727,27.727,27.727,27.727,27.727,27.727,27.727,27.727,27.727,0,0,0,0,0,0,0,0,0,0,0,0,0,0,0,0,0,0
8.6364,8.6364,8.6364,8.6364,8.6364,8.6364,8.6364,8.6364,8.6364,18,18,18,18,18,18,18,18,18,25.556,25.556,25.556,25.556,25.556,25.556,25.556,25.556,25.556
8.6364,8.6364,8.6364,8.6364,8.6364,8.6364,8.6364,8.6364,8.6364,1,1,1,1,1,1,1,1,1,0,0,0,0,0,0,0,0,0
21.364,21.364,21.364,21.364,21.364,21.364,21.364,21.364,21.364,11,11,11,11,11,11,11,11,11,10,10,10,10,10,10,10,10,10
10.909,10.909,10.909,10.909,10.909,10.909,10.909,10.909,10.909,2.5,2.5,2.5,2.5,2.5,2.5,2.5,2.5,2.5,2.2222,2.2222,2.2222,2.2222,2.2222,2.2222,2.2222,2.2222,2.2222
20.909,20.909,20.909,20.909,20.909,20.909,20.909,20.909,20.909,14,14,14,14,14,14,14,14,14,3.3333,3.3333,3.3333,3.3333,3.3333,3.3333,3.3333,3.3333,3.3333
1.3636,1.3636,1.3636,1.3636,1.3636,1.3636,1.3636,1.3636,1.3636,16.5,16.5,16.5,16.5,16.5,16.5,16.5,16.5,16.5,26.111,26.111,26.111,26.111,26.111,26.111,26.111,26.111,26.111
22.5,22.5,22.5,22.5,22.5,22.5,22.5,22.5,22.5,3.75,3.75,3.75,3.75,3.75,3.75,3.75,3.75,3.75,8.8462,8.8462,8.8462,8.8462,8.8462,8.8462,8.8462,8.8462,8.8462
18.125,18.125,18.125,18.125,18.125,18.125,18.125,18.125,18.125,19.375,19.375,19.375,19.375,19.375,19.375,19.375,19.375,19.375,16.154,16.154,16.154,16.154,16.154,16.154,16.154,16.154,16.154
28.75,28.75,28.75,28.75,28.75,28.75,28.75,28.75,28.75,11.25,11.25,11.25,11.25,11.25,11.25,11.25,11.25,11.25,9.6154,9.6154,9.6154,9.6154,9.6154,9.6154,9.6154,9.6154,9.6154
26.25,26.25,26.25,26.25,26.25,26.25,26.25,26.25,26.25,21.875,21.875,21.875,21.875,21.875,21.875,21.875,21.875,21.875,15.769,15.769,15.769,15.769,15.769,15.769,15.769,15.769,15.769
10,10,10,10,10,10,10,10,10,10.625,10.625,10.625,10.625,10.625,10.625,10.625,10.625,10.625,15,15,15,15,15,15,15,15,15
28.125,28.125,28.125,28.125,28.125,28.125,28.125,28.125,28.125,0,0,0,0,0,0,0,0,0,1.9231,1.9231,1.9231,1.9231,1.9231,1.9231,1.9231,1.9231,1.9231
16.25,16.25,16.25,16.25,16.25,16.25,16.25,16.25,16.25,13.125,13.125,13.125,13.125,13.125,13.125,13.125,13.125,13.125,8.4615,8.4615,8.4615,8.4615,8.4615,8.4615,8.4615,8.4615,8.4615
40,40,40,40,40,40,40,40,40,21.25,21.25,21.25,21.25,21.25,21.25,21.25,21.25,21.25,14.615,14.615,14.615,14.615,14.615,14.615,14.615,14.615,14.615
11.667,11.667,11.667,11.667,11.667,11.667,11.667,11.667,11.667,21.667,21.667,21.667,21.667,21.667,21.667,21.667,21.667,21.667,40,40,40,40,40,40,40,40,40
21.667,21.667,21.667,21.667,21.667,21.667,21.667,21.667,21.667,2.9167,2.9167,2.9167,2.9167,2.9167,2.9167,2.9167,2.9167,2.9167,6.6667,6.6667,6.6667,6.6667,6.6667,6.6667,6.6667,6.6667,6.6667
34.167,34.167,34.167,34.167,34.167,34.167,34.167,34.167,34.167,30,30,30,30,30,30,30,30,30,24.167,24.167,24.167,24.167,24.167,24.167,24.167,24.167,24.167
14.167,14.167,14.167,14.167,14.167,14.167,14.167,14.167,14.167,18.75,18.75,18.75,18.75,18.75,18.75,18.75,18.75,18.75,17.5,17.5,17.5,17.5,17.5,17.5,17.5,17.5,17.5
30,30,30,30,30,30,30,30,30,21.667,21.667,21.667,21.667,21.667,21.667,21.667,21.667,21.667,24.167,24.167,24.167,24.167,24.167,24.167,24.167,24.167,24.167
30.833,30.833,30.833,30.833,30.833,30.833,30.833,30.833,30.833,20.833,20.833,20.833,20.833,20.833,20.833,20.833,20.833,20.833,20.833,20.833,20.833,20.833,20.833,20.833,20.833,20.833,20.833
8.3333,8.3333,8.3333,8.3333,8.3333,8.3333,8.3333,8.3333,8.3333,2.9167,2.9167,2.9167,2.9167,2.9167,2.9167,2.9167,2.9167,2.9167,8.3333,8.3333,8.3333,8.3333,8.3333,8.3333,8.3333,8.3333,8.3333
0,0,0,0,0,0,0,0,0,0,0,0,0,0,0,0,0,0,0,0,0,0,0,0,0,0,0
0,0,0,0,0,0,0,0,0,0,0,0,0,0,0,0,0,0,0,0,0,0,0,0,0,0,0
7.5,7.5,7.5,7.5,7.5,7.5,7.5,7.5,7.5,10,10,10,10,10,10,10,10,10,11.667,11.667,11.667,11.667,11.667,11.667,11.667,11.667,11.667
27.5,27.5,27.5,27.5,27.5,27.5,27.5,27.5,27.5,1.25,1.25,1.25,1.25,1.25,1.25,1.25,1.25,1.25,0,0,0,0,0,0,0,0,0
22.5,22.5,22.5,22.5,22.5,22.5,22.5,22.5,22.5,24.583,24.583,24.583,24.583,24.583,24.583,24.583,24.583,24.583,11.667,11.667,11.667,11.667,11.667,11.667,11.667,11.667,11.667
0,0,0,0,0,0,0,0,0,0,0,0,0,0,0,0,0,0,0,0,0,0,0,0,0,0,0
5.8333,5.8333,5.8333,5.8333,5.8333,5.8333,5.8333,5.8333,5.8333,2.9167,2.9167,2.9167,2.9167,2.9167,2.9167,2.9167,2.9167,2.9167,0,0,0,0,0,0,0,0,0
14.167,14.167,14.167,14.167,14.167,14.167,14.167,14.167,14.167,19.583,19.583,19.583,19.583,19.583,19.583,19.583,19.583,19.583,12.5,12.5,12.5,12.5,12.5,12.5,12.5,12.5,12.5
19.167,19.167,19.167,19.167,19.167,19.167,19.167,19.167,19.167,16.667,16.667,16.667,16.667,16.667,16.667,16.667,16.667,16.667,10.833,10.833,10.833,10.833,10.833,10.833,10.833,10.833,10.833
0,0,0,0,0,0,0,0,0,6.6667,6.6667,6.6667,6.6667,6.6667,6.6667,6.6667,6.6667,6.6667,15,15,15,15,15,15,15,15,15
16.667,16.667,16.667,16.667,16.667,16.667,16.667,16.667,16.667,17.917,17.917,17.917,17.917,17.917,17.917,17.917,17.917,17.917,15,15,15,15,15,15,15,15,15
12.5,12.5,12.5,12.5,12.5,12.5,12.5,12.5,12.5,30.833,30.833,30.833,30.833,30.833,30.833,30.833,30.833,30.833,44,44,44,44,44,44,44,44,44
29.375,29.375,29.375,29.375,29.375,29.375,29.375,29.375,29.375,7.9167,7.9167,7.9167,7.9167,7.9167,7.9167,7.9167,7.9167,7.9167,13,13,13,13,13,13,13,13,13
26.25,26.25,26.25,26.25,26.25,26.25,26.25,26.25,26.25,10.833,10.833,10.833,10.833,10.833,10.833,10.833,10.833,10.833,9,9,9,9,9,9,9,9,9
28.75,28.75,28.75,28.75,28.75,28.75,28.75,28.75,28.75,0.83333,0.83333,0.83333,0.83333,0.83333,0.83333,0.83333,0.83333,0.83333,0,0,0,0,0,0,0,0,0
21.25,21.25,21.25,21.25,21.25,21.25,21.25,21.25,21.25,10,10,10,10,10,10,10,10,10,7,7,7,7,7,7,7,7,7
5.625,5.625,5.625,5.625,5.625,5.625,5.625,5.625,5.625,8.3333,8.3333,8.3333,8.3333,8.3333,8.3333,8.3333,8.3333,8.3333,3.5,3.5,3.5,3.5,3.5,3.5,3.5,3.5,3.5
3.125,3.125,3.125,3.125,3.125,3.125,3.125,3.125,3.125,1.6667,1.6667,1.6667,1.6667,1.6667,1.6667,1.6667,1.6667,1.6667,3,3,3,3,3,3,3,3,3
11.875,11.875,11.875,11.875,11.875,11.875,11.875,11.875,11.875,10,10,10,10,10,10,10,10,10,15,15,15,15,15,15,15,15,15
22.5,22.5,22.5,22.5,22.5,22.5,22.5,22.5,22.5,0,0,0,0,0,0,0,0,0,0.5,0.5,0.5,0.5,0.5,0.5,0.5,0.5,0.5
21.875,21.875,21.875,21.875,21.875,21.875,21.875,21.875,21.875,16.25,16.25,16.25,16.25,16.25,16.25,16.25,16.25,16.25,9,9,9,9,9,9,9,9,9
30,30,30,30,30,30,30,30,30,2.5,2.5,2.5,2.5,2.5,2.5,2.5,2.5,2.5,3,3,3,3,3,3,3,3,3
17.5,17.5,17.5,17.5,17.5,17.5,17.5,17.5,17.5,20.833,20.833,20.833,20.833,20.833,20.833,20.833,20.833,20.833,20.5,20.5,20.5,20.5,20.5,20.5,20.5,20.5,20.5
0.83333,0.83333,0.83333,0.83333,0.83333,0.83333,0.83333,0.83333,0.83333,0,0,0,0,0,0,0,0,0,0,0,0,0,0,0,0,0,0
12.5,12.5,12.5,12.5,12.5,12.5,12.5,12.5,12.5,0,0,0,0,0,0,0,0,0,1.7647,1.7647,1.7647,1.7647,1.7647,1.7647,1.7647,1.7647,1.7647
19.167,19.167,19.167,19.167,19.167,19.167,19.167,19.167,19.167,10,10,10,10,10,10,10,10,10,10.882,10.882,10.882,10.882,10.882,10.882,10.882,10.882,10.882
31.667,31.667,31.667,31.667,31.667,31.667,31.667,31.667,31.667,5,5,5,5,5,5,5,5,5,0,0,0,0,0,0,0,0,0
5.8333,5.8333,5.8333,5.8333,5.8333,5.8333,5.8333,5.8333,5.8333,8,8,8,8,8,8,8,8,8,7.6471,7.6471,7.6471,7.6471,7.6471,7.6471,7.6471,7.6471,7.6471
1.25,1.25,1.25,1.25,1.25,1.25,1.25,1.25,1.25,1,1,1,1,1,1,1,1,1,0.88235,0.88235,0.88235,0.88235,0.88235,0.88235,0.88235,0.88235,0.88235
7.9167,7.9167,7.9167,7.9167,7.9167,7.9167,7.9167,7.9167,7.9167,0,0,0,0,0,0,0,0,0,1.1765,1.1765,1.1765,1.1765,1.1765,1.1765,1.1765,1.1765,1.1765
2.0833,2.0833,2.0833,2.0833,2.0833,2.0833,2.0833,2.0833,2.0833,22,22,22,22,22,22,22,22,22,25.882,25.882,25.882,25.882,25.882,25.882,25.882,25.882,25.882
26.25,26.25,26.25,26.25,26.25,26.25,26.25,26.25,26.25,10,10,10,10,10,10,10,10,10,10.882,10.882,10.882,10.882,10.882,10.882,10.882,10.882,10.882
22.083,22.083,22.083,22.083,22.083,22.083,22.083,22.083,22.083,16,16,16,16,16,16,16,16,16,14.412,14.412,14.412,14.412,14.412,14.412,14.412,14.412,14.412
7.5,7.5,7.5,7.5,7.5,7.5,7.5,7.5,7.5,8,8,8,8,8,8,8,8,8,7.9412,7.9412,7.9412,7.9412,7.9412,7.9412,7.9412,7.9412,7.9412
21.25,21.25,21.25,21.25,21.25,21.25,21.25,21.25,21.25,3,3,3,3,3,3,3,3,3,7.0588,7.0588,7.0588,7.0588,7.0588,7.0588,7.0588,7.0588,7.0588
0.83333,0.83333,0.83333,0.83333,0.83333,0.83333,0.83333,0.83333,0.83333,0,0,0,0,0,0,0,0,0,0.58824,0.58824,0.58824,0.58824,0.58824,0.58824,0.58824,0.58824,0.58824
17.917,17.917,17.917,17.917,17.917,17.917,17.917,17.917,17.917,17,17,17,17,17,17,17,17,17,6.7647,6.7647,6.7647,6.7647,6.7647,6.7647,6.7647,6.7647,6.7647
27.083,27.083,27.083,27.083,27.083,27.083,27.083,27.083,27.083,13,13,13,13,13,13,13,13,13,4.1176,4.1176,4.1176,4.1176,4.1176,4.1176,4.1176,4.1176,4.1176
2.5,2.5,2.5,2.5,2.5,2.5,2.5,2.5,2.5,3.4375,3.4375,3.4375,3.4375,3.4375,3.4375,3.4375,3.4375,3.4375,5,5,5,5,5,5,5,5,5
21.5,21.5,21.5,21.5,21.5,21.5,21.5,21.5,21.5,8.125,8.125,8.125,8.125,8.125,8.125,8.125,8.125,8.125,3.6364,3.6364,3.6364,3.6364,3.6364,3.6364,3.6364,3.6364,3.6364
47,47,47,47,47,47,47,47,47,2.1875,2.1875,2.1875,2.1875,2.1875,2.1875,2.1875,2.1875,2.1875,0.45455,0.45455,0.45455,0.45455,0.45455,0.45455,0.45455,0.45455,0.45455
11.5,11.5,11.5,11.5,11.5,11.5,11.5,11.5,11.5,1.25,1.25,1.25,1.25,1.25,1.25,1.25,1.25,1.25,1.3636,1.3636,1.3636,1.3636,1.3636,1.3636,1.3636,1.3636,1.3636
0.5,0.5,0.5,0.5,0.5,0.5,0.5,0.5,0.5,23.438,23.438,23.438,23.438,23.438,23.438,23.438,23.438,23.438,27.727,27.727,27.727,27.727,27.727,27.727,27.727,27.727,27.727
28,28,28,28,28,28,28,28,28,9.0625,9.0625,9.0625,9.0625,9.0625,9.0625,9.0625,9.0625,9.0625,10,10,10,10,10,10,10,10,10
10.5,10.5,10.5,10.5,10.5,10.5,10.5,10.5,10.5,1.25,1.25,1.25,1.25,1.25,1.25,1.25,1.25,1.25,1.3636,1.3636,1.3636,1.3636,1.3636,1.3636,1.3636,1.3636,1.3636
0.5,0.5,0.5,0.5,0.5,0.5,0.5,0.5,0.5,0.9375,0.9375,0.9375,0.9375,0.9375,0.9375,0.9375,0.9375,0.9375,0.45455,0.45455,0.45455,0.45455,0.45455,0.45455,0.45455,0.45455,0.45455
5.5,5.5,5.5,5.5,5.5,5.5,5.5,5.5,5.5,16.562,16.562,16.562,16.562,16.562,16.562,16.562,16.562,16.562,18.182,18.182,18.182,18.182,18.182,18.182,18.182,18.182,18.182
17,17,17,17,17,17,17,17,17,29.375,29.375,29.375,29.375,29.375,29.375,29.375,29.375,29.375,32.273,32.273,32.273,32.273,32.273,32.273,32.273,32.273,32.273
18.5,18.5,18.5,18.5,18.5,18.5,18.5,18.5,18.5,18.125,18.125,18.125,18.125,18.125,18.125,18.125,18.125,18.125,13.636,13.636,13.636,13.636,13.636,13.636,13.636,13.636,13.636
0,0,0,0,0,0,0,0,0,0,0,0,0,0,0,0,0,0,0,0,0,0,0,0,0,0,0
9.5,9.5,9.5,9.5,9.5,9.5,9.5,9.5,9.5,6.5625,6.5625,6.5625,6.5625,6.5625,6.5625,6.5625,6.5625,6.5625,0.90909,0.90909,0.90909,0.90909,0.90909,0.90909,0.90909,0.90909,0.90909
19,19,19,19,19,19,19,19,19,1.5625,1.5625,1.5625,1.5625,1.5625,1.5625,1.5625,1.5625,1.5625,0.90909,0.90909,0.90909,0.90909,0.90909,0.90909,0.90909,0.90909,0.90909
24,24,24,24,24,24,24,24,24,3.125,3.125,3.125,3.125,3.125,3.125,3.125,3.125,3.125,1.3636,1.3636,1.3636,1.3636,1.3636,1.3636,1.3636,1.3636,1.3636
