27.826,27.826,27.826,27.826,27.826,27.826,27.826,27.826,27.826,24.8,24.8,24.8,24.8,24.8,24.8,24.8,24.8,24.8,26.739,26.739,26.739,26.739,26.739,26.739,26.739,26.739,26.739
19.565,19.565,19.565,19.565,19.565,19.565,19.565,19.565,19.565,14,14,14,14,14,14,14,14,14,11.304,11.304,11.304,11.304,11.304,11.304,11.304,11.304,11.304
0,0,0,0,0,0,0,0,0,0,0,0,0,0,0,0,0,0,0,0,0,0,0,0,0,0,0
1.9565,1.9565,1.9565,1.9565,1.9565,1.9565,1.9565,1.9565,1.9565,1.8,1.8,1.8,1.8,1.8,1.8,1.8,1.8,1.8,1.087,1.087,1.087,1.087,1.087,1.087,1.087,1.087,1.087
13.478,13.478,13.478,13.478,13.478,13.478,13.478,13.478,13.478,4.2,4.2,4.2,4.2,4.2,4.2,4.2,4.2,4.2,3.0435,3.0435,3.0435,3.0435,3.0435,3.0435,3.0435,3.0435,3.0435
0.21739,0.21739,0.21739,0.21739,0.21739,0.21739,0.21739,0.21739,0.21739,1.8,1.8,1.8,1.8,1.8,1.8,1.8,1.8,1.8,9.3478,9.3478,9.3478,9.3478,9.3478,9.3478,9.3478,9.3478,9.3478
11.087,11.087,11.087,11.087,11.087,11.087,11.087,11.087,11.087,6,6,6,6,6,6,6,6,6,5.8696,5.8696,5.8696,5.8696,5.8696,5.8696,5.8696,5.8696,5.8696
0,0,0,0,0,0,0,0,0,0,0,0,0,0,0,0,0,0,0.43478,0.43478,0.43478,0.43478,0.43478,0.43478,0.43478,0.43478,0.43478
15.217,15.217,15.217,15.217,15.217,15.217,15.217,15.217,15.217,15.4,15.4,15.4,15.4,15.4,15.4,15.4,15.4,15.4,15.435,15.435,15.435,15.435,15.435,15.435,15.435,15.435,15.435
1.7391,1.7391,1.7391,1.7391,1.7391,1.7391,1.7391,1.7391,1.7391,4.2,4.2,4.2,4.2,4.2,4.2,4.2,4.2,4.2,3.6957,3.6957,3.6957,3.6957,3.6957,3.6957,3.6957,3.6957,3.6957
45,45,45,45,45,45,45,45,45,35,35,35,35,35,35,35,35,35,31.522,31.522,31.522,31.522,31.522,31.522,31.522,31.522,31.522
0.55556,0.55556,0.55556,0.55556,0.55556,0.55556,0.55556,0.55556,0.55556,0,0,0,0,0,0,0,0,0,0,0,0,0,0,0,0,0,0
2.5926,2.5926,2.5926,2.5926,2.5926,2.5926,2.5926,2.5926,2.5926,3.4848,3.4848,3.4848,3.4848,3.4848,3.4848,3.4848,3.4848,3.4848,2.6786,2.6786,2.6786,2.6786,2.6786,2.6786,2.6786,2.6786,2.6786
36.481,36.481,36.481,36.481,36.481,36.481,36.481,36.481,36.481,38.636,38.636,38.636,38.636,38.636,38.636,38.636,38.636,38.636,42.857,42.857,42.857,42.857,42.857,42.857,42.857,42.857,42.857
13.519,13.519,13.519,13.519,13.519,13.519,13.519,13.519,13.519,16.818,16.818,16.818,16.818,16.818,16.818,16.818,16.818,16.818,15.357,15.357,15.357,15.357,15.357,15.357,15.357,15.357,15.357
8.8889,8.8889,8.8889,8.8889,8.8889,8.8889,8.8889,8.8889,8.8889,3.9394,3.9394,3.9394,3.9394,3.9394,3.9394,3.9394,3.9394,3.9394,3.9286,3.9286,3.9286,3.9286,3.9286,3.9286,3.9286,3.9286,3.9286
12.407,12.407,12.407,12.407,12.407,12.407,12.407,12.407,12.407,14.091,14.091,14.091,14.091,14.091,14.091,14.091,14.091,14.091,17.857,17.857,17.857,17.857,17.857,17.857,17.857,17.857,17.857
17.963,17.963,17.963,17.963,17.963,17.963,17.963,17.963,17.963,17.424,17.424,17.424,17.424,17.424,17.424,17.424,17.424,17.424,17.857,17.857,17.857,17.857,17.857,17.857,17.857,17.857,17.857
2.7778,2.7778,2.7778,2.7778,2.7778,2.7778,2.7778,2.7778,2.7778,4.697,4.697,4.697,4.697,4.697,4.697,4.697,4.697,4.697,3.0357,3.0357,3.0357,3.0357,3.0357,3.0357,3.0357,3.0357,3.0357
0,0,0,0,0,0,0,0,0,0,0,0,0,0,0,0,0,0,0,0,0,0,0,0,0,0,0
0.55556,0.55556,0.55556,0.55556,0.55556,0.55556,0.55556,0.55556,0.55556,0,0,0,0,0,0,0,0,0,0.76923,0.76923,0.76923,0.76923,0.76923,0.76923,0.76923,0.76923,0.76923
29.074,29.074,29.074,29.074,29.074,29.074,29.074,29.074,29.074,21.25,21.25,21.25,21.25,21.25,21.25,21.25,21.25,21.25,22.115,22.115,22.115,22.115,22.115,22.115,22.115,22.115,22.115
9.8148,9.8148,9.8148,9.8148,9.8148,9.8148,9.8148,9.8148,9.8148,14.375,14.375,14.375,14.375,14.375,14.375,14.375,14.375,14.375,21.154,21.154,21.154,21.154,21.154,21.154,21.154,21.154,21.154
15,15,15,15,15,15,15,15,15,7.9167,7.9167,7.9167,7.9167,7.9167,7.9167,7.9167,7.9167,7.9167,12.115,12.115,12.115,12.115,12.115,12.115,12.115,12.115,12.115
9.0741,9.0741,9.0741,9.0741,9.0741,9.0741,9.0741,9.0741,9.0741,8.125,8.125,8.125,8.125,8.125,8.125,8.125,8.125,8.125,10.962,10.962,10.962,10.962,10.962,10.962,10.962,10.962,10.962
16.852,16.852,16.852,16.852,16.852,16.852,16.852,16.852,16.852,6.6667,6.6667,6.6667,6.6667,6.6667,6.6667,6.6667,6.6667,6.6667,2.3077,2.3077,2.3077,2.3077,2.3077,2.3077,2.3077,2.3077,2.3077
8.3333,8.3333,8.3333,8.3333,8.3333,8.3333,8.3333,8.3333,8.3333,8.75,8.75,8.75,8.75,8.75,8.75,8.75,8.75,8.75,5.3846,5.3846,5.3846,5.3846,5.3846,5.3846,5.3846,5.3846,5.3846
3.8889,3.8889,3.8889,3.8889,3.8889,3.8889,3.8889,3.8889,3.8889,4.5833,4.5833,4.5833,4.5833,4.5833,4.5833,4.5833,4.5833,4.5833,2.3077,2.3077,2.3077,2.3077,2.3077,2.3077,2.3077,2.3077,2.3077
9.0741,9.0741,9.0741,9.0741,9.0741,9.0741,9.0741,9.0741,9.0741,5,5,5,5,5,5,5,5,5,2.6923,2.6923,2.6923,2.6923,2.6923,2.6923,2.6923,2.6923,2.6923
0,0,0,0,0,0,0,0,0,0.17241,0.17241,0.17241,0.17241,0.17241,0.17241,0.17241,0.17241,0.17241,0.83333,0.83333,0.83333,0.83333,0.83333,0.83333,0.83333,0.83333,0.83333
0,0,0,0,0,0,0,0,0,2.069,2.069,2.069,2.069,2.069,2.069,2.069,2.069,2.069,0.83333,0.83333,0.83333,0.83333,0.83333,0.83333,0.83333,0.83333,0.83333
10,10,10,10,10,10,10,10,10,10.517,10.517,10.517,10.517,10.517,10.517,10.517,10.517,10.517,7.5,7.5,7.5,7.5,7.5,7.5,7.5,7.5,7.5
10,10,10,10,10,10,10,10,10,17.931,17.931,17.931,17.931,17.931,17.931,17.931,17.931,17.931,10,10,10,10,10,10,10,10,10
15,15,15,15,15,15,15,15,15,17.241,17.241,17.241,17.241,17.241,17.241,17.241,17.241,17.241,15,15,15,15,15,15,15,15,15
5,5,5,5,5,5,5,5,5,8.6207,8.6207,8.6207,8.6207,8.6207,8.6207,8.6207,8.6207,8.6207,9.1667,9.1667,9.1667,9.1667,9.1667,9.1667,9.1667,9.1667,9.1667
0,0,0,0,0,0,0,0,0,9.1379,9.1379,9.1379,9.1379,9.1379,9.1379,9.1379,9.1379,9.1379,12.5,12.5,12.5,12.5,12.5,12.5,12.5,12.5,12.5
0,0,0,0,0,0,0,0,0,8.6207,8.6207,8.6207,8.6207,8.6207,8.6207,8.6207,8.6207,8.6207,10,10,10,10,10,10,10,10,10
0,0,0,0,0,0,0,0,0,0,0,0,0,0,0,0,0,0,0,0,0,0,0,0,0,0,0
0,0,0,0,0,0,0,0,0,7.7586,7.7586,7.7586,7.7586,7.7586,7.7586,7.7586,7.7586,7.7586,3.3333,3.3333,3.3333,3.3333,3.3333,3.3333,3.3333,3.3333,3.3333
10,10,10,10,10,10,10,10,10,12.241,12.241,12.241,12.241,12.241,12.241,12.241,12.241,12.241,14.167,14.167,14.167,14.167,14.167,14.167,14.167,14.167,14.167
0.71429,0.71429,0.71429,0.71429,0.71429,0.71429,0.71429,0.71429,0.71429,0,0,0,0,0,0,0,0,0,0,0,0,0,0,0,0,0,0
5,5,5,5,5,5,5,5,5,7.3077,7.3077,7.3077,7.3077,7.3077,7.3077,7.3077,7.3077,7.3077,2.0833,2.0833,2.0833,2.0833,2.0833,2.0833,2.0833,2.0833,2.0833
14.643,14.643,14.643,14.643,14.643,14.643,14.643,14.643,14.643,10.769,10.769,10.769,10.769,10.769,10.769,10.769,10.769,10.769,6.25,6.25,6.25,6.25,6.25,6.25,6.25,6.25,6.25
7.5,7.5,7.5,7.5,7.5,7.5,7.5,7.5,7.5,11.538,11.538,11.538,11.538,11.538,11.538,11.538,11.538,11.538,17.5,17.5,17.5,17.5,17.5,17.5,17.5,17.5,17.5
9.2857,9.2857,9.2857,9.2857,9.2857,9.2857,9.2857,9.2857,9.2857,9.2308,9.2308,9.2308,9.2308,9.2308,9.2308,9.2308,9.2308,9.2308,10,10,10,10,10,10,10,10,10
11.429,11.429,11.429,11.429,11.429,11.429,11.429,11.429,11.429,16.923,16.923,16.923,16.923,16.923,16.923,16.923,16.923,16.923,21.25,21.25,21.25,21.25,21.25,21.25,21.25,21.25,21.25
21.429,21.429,21.429,21.429,21.429,21.429,21.429,21.429,21.429,17.308,17.308,17.308,17.308,17.308,17.308,17.308,17.308,17.308,21.25,21.25,21.25,21.25,21.25,21.25,21.25,21.25,21.25
23.214,23.214,23.214,23.214,23.214,23.214,23.214,23.214,23.214,24.615,24.615,24.615,24.615,24.615,24.615,24.615,24.615,24.615,22.5,22.5,22.5,22.5,22.5,22.5,22.5,22.5,22.5
0,0,0,0,0,0,0,0,0,0,0,0,0,0,0,0,0,0,0,0,0,0,0,0,0,0,0
17.143,17.143,17.143,17.143,17.143,17.143,17.143,17.143,17.143,6.9231,6.9231,6.9231,6.9231,6.9231,6.9231,6.9231,6.9231,6.9231,12.5,12.5,12.5,12.5,12.5,12.5,12.5,12.5,12.5
21.071,21.071,21.071,21.071,21.071,21.071,21.071,21.071,21.071,16.923,16.923,16.923,16.923,16.923,16.923,16.923,16.923,16.923,20.417,20.417,20.417,20.417,20.417,20.417,20.417,20.417,20.417
11.071,11.071,11.071,11.071,11.071,11.071,11.071,11.071,11.071,17.308,17.308,17.308,17.308,17.308,17.308,17.308,17.308,17.308,16.667,16.667,16.667,16.667,16.667,16.667,16.667,16.667,16.667
5.7143,5.7143,5.7143,5.7143,5.7143,5.7143,5.7143,5.7143,5.7143,6.1538,6.1538,6.1538,6.1538,6.1538,6.1538,6.1538,6.1538,6.1538,0.83333,0.83333,0.83333,0.83333,0.83333,0.83333,0.83333,0.83333,0.83333
0,0,0,0,0,0,0,0,0,0,0,0,0,0,0,0,0,0,0,0,0,0,0,0,0,0,0
7.8571,7.8571,7.8571,7.8571,7.8571,7.8571,7.8571,7.8571,7.8571,5.3846,5.3846,5.3846,5.3846,5.3846,5.3846,5.3846,5.3846,5.3846,0,0,0,0,0,0,0,0,0
NaN,NaN,NaN,NaN,NaN,NaN,NaN,NaN,NaN,1.0714,1.0714,1.0714,1.0714,1.0714,1.0714,1.0714,1.0714,1.0714,2.8571,2.8571,2.8571,2.8571,2.8571,2.8571,2.8571,2.8571,2.8571
NaN,NaN,NaN,NaN,NaN,NaN,NaN,NaN,NaN,16.071,16.071,16.071,16.071,16.071,16.071,16.071,16.071,16.071,14.643,14.643,14.643,14.643,14.643,14.643,14.643,14.643,14.643
NaN,NaN,NaN,NaN,NaN,NaN,NaN,NaN,NaN,0,0,0,0,0,0,0,0,0,0,0,0,0,0,0,0,0,0
NaN,NaN,NaN,NaN,NaN,NaN,NaN,NaN,NaN,0,0,0,0,0,0,0,0,0,0,0,0,0,0,0,0,0,0
NaN,NaN,NaN,NaN,NaN,NaN,NaN,NaN,NaN,4.2857,4.2857,4.2857,4.2857,4.2857,4.2857,4.2857,4.2857,4.2857,0.71429,0.71429,0.71429,0.71429,0.71429,0.71429,0.71429,0.71429,0.71429
NaN,NaN,NaN,NaN,NaN,NaN,NaN,NaN,NaN,12.5,12.5,12.5,12.5,12.5,12.5,12.5,12.5,12.5,13.929,13.929,13.929,13.929,13.929,13.929,13.929,13.929,13.929
NaN,NaN,NaN,NaN,NaN,NaN,NaN,NaN,NaN,18.214,18.214,18.214,18.214,18.214,18.214,18.214,18.214,18.214,17.857,17.857,17.857,17.857,17.857,17.857,17.857,17.857,17.857
NaN,NaN,NaN,NaN,NaN,NaN,NaN,NaN,NaN,8.2143,8.2143,8.2143,8.2143,8.2143,8.2143,8.2143,8.2143,8.2143,7.1429,7.1429,7.1429,7.1429,7.1429,7.1429,7.1429,7.1429,7.1429
NaN,NaN,NaN,NaN,NaN,NaN,NaN,NaN,NaN,1.7857,1.7857,1.7857,1.7857,1.7857,1.7857,1.7857,1.7857,1.7857,3.9286,3.9286,3.9286,3.9286,3.9286,3.9286,3.9286,3.9286,3.9286
NaN,NaN,NaN,NaN,NaN,NaN,NaN,NaN,NaN,12.5,12.5,12.5,12.5,12.5,12.5,12.5,12.5,12.5,21.071,21.071,21.071,21.071,21.071,21.071,21.071,21.071,21.071
NaN,NaN,NaN,NaN,NaN,NaN,NaN,NaN,NaN,0,0,0,0,0,0,0,0,0,0,0,0,0,0,0,0,0,0
NaN,NaN,NaN,NaN,NaN,NaN,NaN,NaN,NaN,30,30,30,30,30,30,30,30,30,28.929,28.929,28.929,28.929,28.929,28.929,28.929,28.929,28.929
NaN,NaN,NaN,NaN,NaN,NaN,NaN,NaN,NaN,0.35714,0.35714,0.35714,0.35714,0.35714,0.35714,0.35714,0.35714,0.35714,0,0,0,0,0,0,0,0,0
NaN,NaN,NaN,NaN,NaN,NaN,NaN,NaN,NaN,6.7857,6.7857,6.7857,6.7857,6.7857,6.7857,6.7857,6.7857,6.7857,9.2857,9.2857,9.2857,9.2857,9.2857,9.2857,9.2857,9.2857,9.2857
NaN,NaN,NaN,NaN,NaN,NaN,NaN,NaN,NaN,25.714,25.714,25.714,25.714,25.714,25.714,25.714,25.714,25.714,21.429,21.429,21.429,21.429,21.429,21.429,21.429,21.429,21.429
NaN,NaN,NaN,NaN,NaN,NaN,NaN,NaN,NaN,13.929,13.929,13.929,13.929,13.929,13.929,13.929,13.929,13.929,11.786,11.786,11.786,11.786,11.786,11.786,11.786,11.786,11.786
NaN,NaN,NaN,NaN,NaN,NaN,NaN,NaN,NaN,15.714,15.714,15.714,15.714,15.714,15.714,15.714,15.714,15.714,15.357,15.357,15.357,15.357,15.357,15.357,15.357,15.357,15.357
NaN,NaN,NaN,NaN,NaN,NaN,NaN,NaN,NaN,5,5,5,5,5,5,5,5,5,6.0714,6.0714,6.0714,6.0714,6.0714,6.0714,6.0714,6.0714,6.0714
NaN,NaN,NaN,NaN,NaN,NaN,NaN,NaN,NaN,0.35714,0.35714,0.35714,0.35714,0.35714,0.35714,0.35714,0.35714,0.35714,1.7857,1.7857,1.7857,1.7857,1.7857,1.7857,1.7857,1.7857,1.7857
NaN,NaN,NaN,NaN,NaN,NaN,NaN,NaN,NaN,5,5,5,5,5,5,5,5,5,3.2143,3.2143,3.2143,3.2143,3.2143,3.2143,3.2143,3.2143,3.2143
10,10,10,10,10,10,10,10,10,18.889,18.889,18.889,18.889,18.889,18.889,18.889,18.889,18.889,18.889,18.889,18.889,18.889,18.889,18.889,18.889,18.889,18.889
25,25,25,25,25,25,25,25,25,13.333,13.333,13.333,13.333,13.333,13.333,13.333,13.333,13.333,16.111,16.111,16.111,16.111,16.111,16.111,16.111,16.111,16.111
0,0,0,0,0,0,0,0,0,0,0,0,0,0,0,0,0,0,0,0,0,0,0,0,0,0,0
0,0,0,0,0,0,0,0,0,0,0,0,0,0,0,0,0,0,0,0,0,0,0,0,0,0,0
10,10,10,10,10,10,10,10,10,5,5,5,5,5,5,5,5,5,0.55556,0.55556,0.55556,0.55556,0.55556,0.55556,0.55556,0.55556,0.55556
30,30,30,30,30,30,30,30,30,12.222,12.222,12.222,12.222,12.222,12.222,12.222,12.222,12.222,10,10,10,10,10,10,10,10,10
10,10,10,10,10,10,10,10,10,13.889,13.889,13.889,13.889,13.889,13.889,13.889,13.889,13.889,17.222,17.222,17.222,17.222,17.222,17.222,17.222,17.222,17.222
10,10,10,10,10,10,10,10,10,22.222,22.222,22.222,22.222,22.222,22.222,22.222,22.222,22.222,31.667,31.667,31.667,31.667,31.667,31.667,31.667,31.667,31.667
5,5,5,5,5,5,5,5,5,9.4444,9.4444,9.4444,9.4444,9.4444,9.4444,9.4444,9.4444,9.4444,5,5,5,5,5,5,5,5,5
0,0,0,0,0,0,0,0,0,2.2222,2.2222,2.2222,2.2222,2.2222,2.2222,2.2222,2.2222,2.2222,1.1111,1.1111,1.1111,1.1111,1.1111,1.1111,1.1111,1.1111,1.1111
0,0,0,0,0,0,0,0,0,9.4444,9.4444,9.4444,9.4444,9.4444,9.4444,9.4444,9.4444,9.4444,17.222,17.222,17.222,17.222,17.222,17.222,17.222,17.222,17.222
0,0,0,0,0,0,0,0,0,0.55556,0.55556,0.55556,0.55556,0.55556,0.55556,0.55556,0.55556,0.55556,0,0,0,0,0,0,0,0,0
30,30,30,30,30,30,30,30,30,20.556,20.556,20.556,20.556,20.556,20.556,20.556,20.556,20.556,25,25,25,25,25,25,25,25,25
25,25,25,25,25,25,25,25,25,27.778,27.778,27.778,27.778,27.778,27.778,27.778,27.778,27.778,25.556,25.556,25.556,25.556,25.556,25.556,25.556,25.556,25.556
NaN,NaN,NaN,NaN,NaN,NaN,NaN,NaN,NaN,17,17,17,17,17,17,17,17,17,15,15,15,15,15,15,15,15,15
NaN,NaN,NaN,NaN,NaN,NaN,NaN,NaN,NaN,5,5,5,5,5,5,5,5,5,3.3333,3.3333,3.3333,3.3333,3.3333,3.3333,3.3333,3.3333,3.3333
NaN,NaN,NaN,NaN,NaN,NaN,NaN,NaN,NaN,0,0,0,0,0,0,0,0,0,0,0,0,0,0,0,0,0,0
NaN,NaN,NaN,NaN,NaN,NaN,NaN,NaN,NaN,1,1,1,1,1,1,1,1,1,2.5,2.5,2.5,2.5,2.5,2.5,2.5,2.5,2.5
NaN,NaN,NaN,NaN,NaN,NaN,NaN,NaN,NaN,0,0,0,0,0,0,0,0,0,0,0,0,0,0,0,0,0,0
NaN,NaN,NaN,NaN,NaN,NaN,NaN,NaN,NaN,12,12,12,12,12,12,12,12,12,16.667,16.667,16.667,16.667,16.667,16.667,16.667,16.667,16.667
NaN,NaN,NaN,NaN,NaN,NaN,NaN,NaN,NaN,18,18,18,18,18,18,18,18,18,17.5,17.5,17.5,17.5,17.5,17.5,17.5,17.5,17.5
NaN,NaN,NaN,NaN,NaN,NaN,NaN,NaN,NaN,24,24,24,24,24,24,24,24,24,30,30,30,30,30,30,30,30,30
NaN,NaN,NaN,NaN,NaN,NaN,NaN,NaN,NaN,17,17,17,17,17,17,17,17,17,15,15,15,15,15,15,15,15,15
NaN,NaN,NaN,NaN,NaN,NaN,NaN,NaN,NaN,13,13,13,13,13,13,13,13,13,5.8333,5.8333,5.8333,5.8333,5.8333,5.8333,5.8333,5.8333,5.8333
NaN,NaN,NaN,NaN,NaN,NaN,NaN,NaN,NaN,17,17,17,17,17,17,17,17,17,17.5,17.5,17.5,17.5,17.5,17.5,17.5,17.5,17.5
NaN,NaN,NaN,NaN,NaN,NaN,NaN,NaN,NaN,10,10,10,10,10,10,10,10,10,15.833,15.833,15.833,15.833,15.833,15.833,15.833,15.833,15.833
NaN,NaN,NaN,NaN,NaN,NaN,NaN,NaN,NaN,0,0,0,0,0,0,0,0,0,0.83333,0.83333,0.83333,0.83333,0.83333,0.83333,0.83333,0.83333,0.83333
NaN,NaN,NaN,NaN,NaN,NaN,NaN,NaN,NaN,21,21,21,21,21,21,21,21,21,16.667,16.667,16.667,16.667,16.667,16.667,16.667,16.667,16.667
NaN,NaN,NaN,NaN,NaN,NaN,NaN,NaN,NaN,0,0,0,0,0,0,0,0,0,0,0,0,0,0,0,0,0,0
NaN,NaN,NaN,NaN,NaN,NaN,NaN,NaN,NaN,27,27,27,27,27,27,27,27,27,24.167,24.167,24.167,24.167,24.167,24.167,24.167,24.167,24.167
0,0,0,0,0,0,0,0,0,0.83333,0.83333,0.83333,0.83333,0.83333,0.83333,0.83333,0.83333,0.83333,0,0,0,0,0,0,0,0,0
15,15,15,15,15,15,15,15,15,9.1667,9.1667,9.1667,9.1667,9.1667,9.1667,9.1667,9.1667,9.1667,11.6,11.6,11.6,11.6,11.6,11.6,11.6,11.6,11.6
32.5,32.5,32.5,32.5,32.5,32.5,32.5,32.5,32.5,20,20,20,20,20,20,20,20,20,20.2,20.2,20.2,20.2,20.2,20.2,20.2,20.2,20.2
0,0,0,0,0,0,0,0,0,0,0,0,0,0,0,0,0,0,0,0,0,0,0,0,0,0,0
1.6667,1.6667,1.6667,1.6667,1.6667,1.6667,1.6667,1.6667,1.6667,7.7273,7.7273,7.7273,7.7273,7.7273,7.7273,7.7273,7.7273,7.7273,3.8636,3.8636,3.8636,3.8636,3.8636,3.8636,3.8636,3.8636,3.8636
18.333,18.333,18.333,18.333,18.333,18.333,18.333,18.333,18.333,14.091,14.091,14.091,14.091,14.091,14.091,14.091,14.091,14.091,16.364,16.364,16.364,16.364,16.364,16.364,16.364,16.364,16.364
0,0,0,0,0,0,0,0,0,0,0,0,0,0,0,0,0,0,0,0,0,0,0,0,0,0,0
26.667,26.667,26.667,26.667,26.667,26.667,26.667,26.667,26.667,20.909,20.909,20.909,20.909,20.909,20.909,20.909,20.909,20.909,20.682,20.682,20.682,20.682,20.682,20.682,20.682,20.682,20.682
0,0,0,0,0,0,0,0,0,0,0,0,0,0,0,0,0,0,0,0,0,0,0,0,0,0,0
25,25,25,25,25,25,25,25,25,20.909,20.909,20.909,20.909,20.909,20.909,20.909,20.909,20.909,25.909,25.909,25.909,25.909,25.909,25.909,25.909,25.909,25.909
11.667,11.667,11.667,11.667,11.667,11.667,11.667,11.667,11.667,10.682,10.682,10.682,10.682,10.682,10.682,10.682,10.682,10.682,16.818,16.818,16.818,16.818,16.818,16.818,16.818,16.818,16.818
1.6667,1.6667,1.6667,1.6667,1.6667,1.6667,1.6667,1.6667,1.6667,3.1818,3.1818,3.1818,3.1818,3.1818,3.1818,3.1818,3.1818,3.1818,0.68182,0.68182,0.68182,0.68182,0.68182,0.68182,0.68182,0.68182,0.68182
1.6667,1.6667,1.6667,1.6667,1.6667,1.6667,1.6667,1.6667,1.6667,1.3636,1.3636,1.3636,1.3636,1.3636,1.3636,1.3636,1.3636,1.3636,1.5909,1.5909,1.5909,1.5909,1.5909,1.5909,1.5909,1.5909,1.5909
10,10,10,10,10,10,10,10,10,8.6364,8.6364,8.6364,8.6364,8.6364,8.6364,8.6364,8.6364,8.6364,11.136,11.136,11.136,11.136,11.136,11.136,11.136,11.136,11.136
8.6111,8.6111,8.6111,8.6111,8.6111,8.6111,8.6111,8.6111,8.6111,3.5294,3.5294,3.5294,3.5294,3.5294,3.5294,3.5294,3.5294,3.5294,11.667,11.667,11.667,11.667,11.667,11.667,11.667,11.667,11.667
11.111,11.111,11.111,11.111,11.111,11.111,11.111,11.111,11.111,12.941,12.941,12.941,12.941,12.941,12.941,12.941,12.941,12.941,7.1429,7.1429,7.1429,7.1429,7.1429,7.1429,7.1429,7.1429,7.1429
0.27778,0.27778,0.27778,0.27778,0.27778,0.27778,0.27778,0.27778,0.27778,0,0,0,0,0,0,0,0,0,1.4286,1.4286,1.4286,1.4286,1.4286,1.4286,1.4286,1.4286,1.4286
28.056,28.056,28.056,28.056,28.056,28.056,28.056,28.056,28.056,21.765,21.765,21.765,21.765,21.765,21.765,21.765,21.765,21.765,18.81,18.81,18.81,18.81,18.81,18.81,18.81,18.81,18.81
5,5,5,5,5,5,5,5,5,15.882,15.882,15.882,15.882,15.882,15.882,15.882,15.882,15.882,16.905,16.905,16.905,16.905,16.905,16.905,16.905,16.905,16.905
0.55556,0.55556,0.55556,0.55556,0.55556,0.55556,0.55556,0.55556,0.55556,1.4706,1.4706,1.4706,1.4706,1.4706,1.4706,1.4706,1.4706,1.4706,1.4286,1.4286,1.4286,1.4286,1.4286,1.4286,1.4286,1.4286,1.4286
0,0,0,0,0,0,0,0,0,0,0,0,0,0,0,0,0,0,0.47619,0.47619,0.47619,0.47619,0.47619,0.47619,0.47619,0.47619,0.47619
0,0,0,0,0,0,0,0,0,0.29412,0.29412,0.29412,0.29412,0.29412,0.29412,0.29412,0.29412,0.29412,0,0,0,0,0,0,0,0,0
5,5,5,5,5,5,5,5,5,1.7647,1.7647,1.7647,1.7647,1.7647,1.7647,1.7647,1.7647,1.7647,0.71429,0.71429,0.71429,0.71429,0.71429,0.71429,0.71429,0.71429,0.71429
0,0,0,0,0,0,0,0,0,0,0,0,0,0,0,0,0,0,0,0,0,0,0,0,0,0,0
16.111,16.111,16.111,16.111,16.111,16.111,16.111,16.111,16.111,12.353,12.353,12.353,12.353,12.353,12.353,12.353,12.353,12.353,10.476,10.476,10.476,10.476,10.476,10.476,10.476,10.476,10.476
18.611,18.611,18.611,18.611,18.611,18.611,18.611,18.611,18.611,22.059,22.059,22.059,22.059,22.059,22.059,22.059,22.059,22.059,20.714,20.714,20.714,20.714,20.714,20.714,20.714,20.714,20.714
0,0,0,0,0,0,0,0,0,0,0,0,0,0,0,0,0,0,0.2381,0.2381,0.2381,0.2381,0.2381,0.2381,0.2381,0.2381,0.2381
0.27778,0.27778,0.27778,0.27778,0.27778,0.27778,0.27778,0.27778,0.27778,0,0,0,0,0,0,0,0,0,2.1429,2.1429,2.1429,2.1429,2.1429,2.1429,2.1429,2.1429,2.1429
56.111,56.111,56.111,56.111,56.111,56.111,56.111,56.111,56.111,37.059,37.059,37.059,37.059,37.059,37.059,37.059,37.059,37.059,45.714,45.714,45.714,45.714,45.714,45.714,45.714,45.714,45.714
0.55556,0.55556,0.55556,0.55556,0.55556,0.55556,0.55556,0.55556,0.55556,0,0,0,0,0,0,0,0,0,0.2381,0.2381,0.2381,0.2381,0.2381,0.2381,0.2381,0.2381,0.2381
10.278,10.278,10.278,10.278,10.278,10.278,10.278,10.278,10.278,13.529,13.529,13.529,13.529,13.529,13.529,13.529,13.529,13.529,14.524,14.524,14.524,14.524,14.524,14.524,14.524,14.524,14.524
16.667,16.667,16.667,16.667,16.667,16.667,16.667,16.667,16.667,7.0588,7.0588,7.0588,7.0588,7.0588,7.0588,7.0588,7.0588,7.0588,9.7619,9.7619,9.7619,9.7619,9.7619,9.7619,9.7619,9.7619,9.7619
0.27778,0.27778,0.27778,0.27778,0.27778,0.27778,0.27778,0.27778,0.27778,0,0,0,0,0,0,0,0,0,0.2381,0.2381,0.2381,0.2381,0.2381,0.2381,0.2381,0.2381,0.2381
23.611,23.611,23.611,23.611,23.611,23.611,23.611,23.611,23.611,24.412,24.412,24.412,24.412,24.412,24.412,24.412,24.412,24.412,20,20,20,20,20,20,20,20,20
0,0,0,0,0,0,0,0,0,0,0,0,0,0,0,0,0,0,0,0,0,0,0,0,0,0,0
NaN,NaN,NaN,NaN,NaN,NaN,NaN,NaN,NaN,1.25,1.25,1.25,1.25,1.25,1.25,1.25,1.25,1.25,9.6154,9.6154,9.6154,9.6154,9.6154,9.6154,9.6154,9.6154,9.6154
NaN,NaN,NaN,NaN,NaN,NaN,NaN,NaN,NaN,2.8125,2.8125,2.8125,2.8125,2.8125,2.8125,2.8125,2.8125,2.8125,5.3846,5.3846,5.3846,5.3846,5.3846,5.3846,5.3846,5.3846,5.3846
NaN,NaN,NaN,NaN,NaN,NaN,NaN,NaN,NaN,9.375,9.375,9.375,9.375,9.375,9.375,9.375,9.375,9.375,33.846,33.846,33.846,33.846,33.846,33.846,33.846,33.846,33.846
NaN,NaN,NaN,NaN,NaN,NaN,NaN,NaN,NaN,0,0,0,0,0,0,0,0,0,0.38462,0.38462,0.38462,0.38462,0.38462,0.38462,0.38462,0.38462,0.38462
NaN,NaN,NaN,NaN,NaN,NaN,NaN,NaN,NaN,26.25,26.25,26.25,26.25,26.25,26.25,26.25,26.25,26.25,24.231,24.231,24.231,24.231,24.231,24.231,24.231,24.231,24.231
NaN,NaN,NaN,NaN,NaN,NaN,NaN,NaN,NaN,13.125,13.125,13.125,13.125,13.125,13.125,13.125,13.125,13.125,14.615,14.615,14.615,14.615,14.615,14.615,14.615,14.615,14.615
NaN,NaN,NaN,NaN,NaN,NaN,NaN,NaN,NaN,0,0,0,0,0,0,0,0,0,0,0,0,0,0,0,0,0,0
NaN,NaN,NaN,NaN,NaN,NaN,NaN,NaN,NaN,4.0625,4.0625,4.0625,4.0625,4.0625,4.0625,4.0625,4.0625,4.0625,1.5385,1.5385,1.5385,1.5385,1.5385,1.5385,1.5385,1.5385,1.5385
NaN,NaN,NaN,NaN,NaN,NaN,NaN,NaN,NaN,3.4375,3.4375,3.4375,3.4375,3.4375,3.4375,3.4375,3.4375,3.4375,1.9231,1.9231,1.9231,1.9231,1.9231,1.9231,1.9231,1.9231,1.9231
NaN,NaN,NaN,NaN,NaN,NaN,NaN,NaN,NaN,0,0,0,0,0,0,0,0,0,0,0,0,0,0,0,0,0,0
NaN,NaN,NaN,NaN,NaN,NaN,NaN,NaN,NaN,18.75,18.75,18.75,18.75,18.75,18.75,18.75,18.75,18.75,18.077,18.077,18.077,18.077,18.077,18.077,18.077,18.077,18.077
NaN,NaN,NaN,NaN,NaN,NaN,NaN,NaN,NaN,32.5,32.5,32.5,32.5,32.5,32.5,32.5,32.5,32.5,34.231,34.231,34.231,34.231,34.231,34.231,34.231,34.231,34.231
NaN,NaN,NaN,NaN,NaN,NaN,NaN,NaN,NaN,37.812,37.812,37.812,37.812,37.812,37.812,37.812,37.812,37.812,35.769,35.769,35.769,35.769,35.769,35.769,35.769,35.769,35.769
NaN,NaN,NaN,NaN,NaN,NaN,NaN,NaN,NaN,21.25,21.25,21.25,21.25,21.25,21.25,21.25,21.25,21.25,19.615,19.615,19.615,19.615,19.615,19.615,19.615,19.615,19.615
NaN,NaN,NaN,NaN,NaN,NaN,NaN,NaN,NaN,34.688,34.688,34.688,34.688,34.688,34.688,34.688,34.688,34.688,34.231,34.231,34.231,34.231,34.231,34.231,34.231,34.231,34.231
NaN,NaN,NaN,NaN,NaN,NaN,NaN,NaN,NaN,0.3125,0.3125,0.3125,0.3125,0.3125,0.3125,0.3125,0.3125,0.3125,0,0,0,0,0,0,0,0,0
NaN,NaN,NaN,NaN,NaN,NaN,NaN,NaN,NaN,16.875,16.875,16.875,16.875,16.875,16.875,16.875,16.875,16.875,19.231,19.231,19.231,19.231,19.231,19.231,19.231,19.231,19.231
NaN,NaN,NaN,NaN,NaN,NaN,NaN,NaN,NaN,1.25,1.25,1.25,1.25,1.25,1.25,1.25,1.25,1.25,3.8462,3.8462,3.8462,3.8462,3.8462,3.8462,3.8462,3.8462,3.8462
NaN,NaN,NaN,NaN,NaN,NaN,NaN,NaN,NaN,0.625,0.625,0.625,0.625,0.625,0.625,0.625,0.625,0.625,0.76923,0.76923,0.76923,0.76923,0.76923,0.76923,0.76923,0.76923,0.76923
NaN,NaN,NaN,NaN,NaN,NaN,NaN,NaN,NaN,20.909,20.909,20.909,20.909,20.909,20.909,20.909,20.909,20.909,21.154,21.154,21.154,21.154,21.154,21.154,21.154,21.154,21.154
NaN,NaN,NaN,NaN,NaN,NaN,NaN,NaN,NaN,2.2727,2.2727,2.2727,2.2727,2.2727,2.2727,2.2727,2.2727,2.2727,13.846,13.846,13.846,13.846,13.846,13.846,13.846,13.846,13.846
NaN,NaN,NaN,NaN,NaN,NaN,NaN,NaN,NaN,1.8182,1.8182,1.8182,1.8182,1.8182,1.8182,1.8182,1.8182,1.8182,1.5385,1.5385,1.5385,1.5385,1.5385,1.5385,1.5385,1.5385,1.5385
NaN,NaN,NaN,NaN,NaN,NaN,NaN,NaN,NaN,0.45455,0.45455,0.45455,0.45455,0.45455,0.45455,0.45455,0.45455,0.45455,0.38462,0.38462,0.38462,0.38462,0.38462,0.38462,0.38462,0.38462,0.38462
NaN,NaN,NaN,NaN,NaN,NaN,NaN,NaN,NaN,1.8182,1.8182,1.8182,1.8182,1.8182,1.8182,1.8182,1.8182,1.8182,1.7308,1.7308,1.7308,1.7308,1.7308,1.7308,1.7308,1.7308,1.7308
NaN,NaN,NaN,NaN,NaN,NaN,NaN,NaN,NaN,0,0,0,0,0,0,0,0,0,0,0,0,0,0,0,0,0,0
NaN,NaN,NaN,NaN,NaN,NaN,NaN,NaN,NaN,17.273,17.273,17.273,17.273,17.273,17.273,17.273,17.273,17.273,19.231,19.231,19.231,19.231,19.231,19.231,19.231,19.231,19.231
NaN,NaN,NaN,NaN,NaN,NaN,NaN,NaN,NaN,43.182,43.182,43.182,43.182,43.182,43.182,43.182,43.182,43.182,49.808,49.808,49.808,49.808,49.808,49.808,49.808,49.808,49.808
NaN,NaN,NaN,NaN,NaN,NaN,NaN,NaN,NaN,0,0,0,0,0,0,0,0,0,0,0,0,0,0,0,0,0,0
NaN,NaN,NaN,NaN,NaN,NaN,NaN,NaN,NaN,0.45455,0.45455,0.45455,0.45455,0.45455,0.45455,0.45455,0.45455,0.45455,0.19231,0.19231,0.19231,0.19231,0.19231,0.19231,0.19231,0.19231,0.19231
NaN,NaN,NaN,NaN,NaN,NaN,NaN,NaN,NaN,20.455,20.455,20.455,20.455,20.455,20.455,20.455,20.455,20.455,21.731,21.731,21.731,21.731,21.731,21.731,21.731,21.731,21.731
NaN,NaN,NaN,NaN,NaN,NaN,NaN,NaN,NaN,10.909,10.909,10.909,10.909,10.909,10.909,10.909,10.909,10.909,14.231,14.231,14.231,14.231,14.231,14.231,14.231,14.231,14.231
20,20,20,20,20,20,20,20,20,6.3333,6.3333,6.3333,6.3333,6.3333,6.3333,6.3333,6.3333,6.3333,9.2857,9.2857,9.2857,9.2857,9.2857,9.2857,9.2857,9.2857,9.2857
40,40,40,40,40,40,40,40,40,33.333,33.333,33.333,33.333,33.333,33.333,33.333,33.333,33.333,24.286,24.286,24.286,24.286,24.286,24.286,24.286,24.286,24.286
5,5,5,5,5,5,5,5,5,1,1,1,1,1,1,1,1,1,1.0714,1.0714,1.0714,1.0714,1.0714,1.0714,1.0714,1.0714,1.0714
10,10,10,10,10,10,10,10,10,8.3333,8.3333,8.3333,8.3333,8.3333,8.3333,8.3333,8.3333,8.3333,8.5714,8.5714,8.5714,8.5714,8.5714,8.5714,8.5714,8.5714,8.5714
0,0,0,0,0,0,0,0,0,20,20,20,20,20,20,20,20,20,14.286,14.286,14.286,14.286,14.286,14.286,14.286,14.286,14.286
0,0,0,0,0,0,0,0,0,5.6667,5.6667,5.6667,5.6667,5.6667,5.6667,5.6667,5.6667,5.6667,14.643,14.643,14.643,14.643,14.643,14.643,14.643,14.643,14.643
0,0,0,0,0,0,0,0,0,3.3333,3.3333,3.3333,3.3333,3.3333,3.3333,3.3333,3.3333,3.3333,2.1429,2.1429,2.1429,2.1429,2.1429,2.1429,2.1429,2.1429,2.1429
0,0,0,0,0,0,0,0,0,6.6667,6.6667,6.6667,6.6667,6.6667,6.6667,6.6667,6.6667,6.6667,6.7857,6.7857,6.7857,6.7857,6.7857,6.7857,6.7857,6.7857,6.7857
0,0,0,0,0,0,0,0,0,1,1,1,1,1,1,1,1,1,0.71429,0.71429,0.71429,0.71429,0.71429,0.71429,0.71429,0.71429,0.71429
5,5,5,5,5,5,5,5,5,2,2,2,2,2,2,2,2,2,1.7857,1.7857,1.7857,1.7857,1.7857,1.7857,1.7857,1.7857,1.7857
0,0,0,0,0,0,0,0,0,4.3333,4.3333,4.3333,4.3333,4.3333,4.3333,4.3333,4.3333,4.3333,2.8571,2.8571,2.8571,2.8571,2.8571,2.8571,2.8571,2.8571,2.8571
20,20,20,20,20,20,20,20,20,24,24,24,24,24,24,24,24,24,23.571,23.571,23.571,23.571,23.571,23.571,23.571,23.571,23.571
0,0,0,0,0,0,0,0,0,0,0,0,0,0,0,0,0,0,0,0,0,0,0,0,0,0,0
15,15,15,15,15,15,15,15,15,17.667,17.667,17.667,17.667,17.667,17.667,17.667,17.667,17.667,22.5,22.5,22.5,22.5,22.5,22.5,22.5,22.5,22.5
5,5,5,5,5,5,5,5,5,13,13,13,13,13,13,13,13,13,12.857,12.857,12.857,12.857,12.857,12.857,12.857,12.857,12.857
5,5,5,5,5,5,5,5,5,5.6667,5.6667,5.6667,5.6667,5.6667,5.6667,5.6667,5.6667,5.6667,8.2143,8.2143,8.2143,8.2143,8.2143,8.2143,8.2143,8.2143,8.2143
13.333,13.333,13.333,13.333,13.333,13.333,13.333,13.333,13.333,8.25,8.25,8.25,8.25,8.25,8.25,8.25,8.25,8.25,9.2857,9.2857,9.2857,9.2857,9.2857,9.2857,9.2857,9.2857,9.2857
3.3333,3.3333,3.3333,3.3333,3.3333,3.3333,3.3333,3.3333,3.3333,5.25,5.25,5.25,5.25,5.25,5.25,5.25,5.25,5.25,13.571,13.571,13.571,13.571,13.571,13.571,13.571,13.571,13.571
0.83333,0.83333,0.83333,0.83333,0.83333,0.83333,0.83333,0.83333,0.83333,0.25,0.25,0.25,0.25,0.25,0.25,0.25,0.25,0.25,0,0,0,0,0,0,0,0,0
5.8333,5.8333,5.8333,5.8333,5.8333,5.8333,5.8333,5.8333,5.8333,3,3,3,3,3,3,3,3,3,2.1429,2.1429,2.1429,2.1429,2.1429,2.1429,2.1429,2.1429,2.1429
1.6667,1.6667,1.6667,1.6667,1.6667,1.6667,1.6667,1.6667,1.6667,19.25,19.25,19.25,19.25,19.25,19.25,19.25,19.25,19.25,20.714,20.714,20.714,20.714,20.714,20.714,20.714,20.714,20.714
0,0,0,0,0,0,0,0,0,0,0,0,0,0,0,0,0,0,0,0,0,0,0,0,0,0,0
0,0,0,0,0,0,0,0,0,5.5,5.5,5.5,5.5,5.5,5.5,5.5,5.5,5.5,5,5,5,5,5,5,5,5,5
4.1667,4.1667,4.1667,4.1667,4.1667,4.1667,4.1667,4.1667,4.1667,0.75,0.75,0.75,0.75,0.75,0.75,0.75,0.75,0.75,0.35714,0.35714,0.35714,0.35714,0.35714,0.35714,0.35714,0.35714,0.35714
15,15,15,15,15,15,15,15,15,9.25,9.25,9.25,9.25,9.25,9.25,9.25,9.25,9.25,9.6429,9.6429,9.6429,9.6429,9.6429,9.6429,9.6429,9.6429,9.6429
0,0,0,0,0,0,0,0,0,0,0,0,0,0,0,0,0,0,0,0,0,0,0,0,0,0,0
14.167,14.167,14.167,14.167,14.167,14.167,14.167,14.167,14.167,22,22,22,22,22,22,22,22,22,21.429,21.429,21.429,21.429,21.429,21.429,21.429,21.429,21.429
7.5,7.5,7.5,7.5,7.5,7.5,7.5,7.5,7.5,10.75,10.75,10.75,10.75,10.75,10.75,10.75,10.75,10.75,14.643,14.643,14.643,14.643,14.643,14.643,14.643,14.643,14.643
0,0,0,0,0,0,0,0,0,0.75,0.75,0.75,0.75,0.75,0.75,0.75,0.75,0.75,1.0714,1.0714,1.0714,1.0714,1.0714,1.0714,1.0714,1.0714,1.0714
0,0,0,0,0,0,0,0,0,0,0,0,0,0,0,0,0,0,0.35714,0.35714,0.35714,0.35714,0.35714,0.35714,0.35714,0.35714,0.35714
0,0,0,0,0,0,0,0,0,0,0,0,0,0,0,0,0,0,0,0,0,0,0,0,0,0,0
0,0,0,0,0,0,0,0,0,8.125,8.125,8.125,8.125,8.125,8.125,8.125,8.125,8.125,14.808,14.808,14.808,14.808,14.808,14.808,14.808,14.808,14.808
9.1667,9.1667,9.1667,9.1667,9.1667,9.1667,9.1667,9.1667,9.1667,17.812,17.812,17.812,17.812,17.812,17.812,17.812,17.812,17.812,15.192,15.192,15.192,15.192,15.192,15.192,15.192,15.192,15.192
10,10,10,10,10,10,10,10,10,2.1875,2.1875,2.1875,2.1875,2.1875,2.1875,2.1875,2.1875,2.1875,2.5,2.5,2.5,2.5,2.5,2.5,2.5,2.5,2.5
26.667,26.667,26.667,26.667,26.667,26.667,26.667,26.667,26.667,26.875,26.875,26.875,26.875,26.875,26.875,26.875,26.875,26.875,29.615,29.615,29.615,29.615,29.615,29.615,29.615,29.615,29.615
3.3333,3.3333,3.3333,3.3333,3.3333,3.3333,3.3333,3.3333,3.3333,3.75,3.75,3.75,3.75,3.75,3.75,3.75,3.75,3.75,2.8846,2.8846,2.8846,2.8846,2.8846,2.8846,2.8846,2.8846,2.8846
0,0,0,0,0,0,0,0,0,0,0,0,0,0,0,0,0,0,0,0,0,0,0,0,0,0,0
0,0,0,0,0,0,0,0,0,0,0,0,0,0,0,0,0,0,0,0,0,0,0,0,0,0,0
21.25,21.25,21.25,21.25,21.25,21.25,21.25,21.25,21.25,5,5,5,5,5,5,5,5,5,3.9474,3.9474,3.9474,3.9474,3.9474,3.9474,3.9474,3.9474,3.9474
32.5,32.5,32.5,32.5,32.5,32.5,32.5,32.5,32.5,47.143,47.143,47.143,47.143,47.143,47.143,47.143,47.143,47.143,40.789,40.789,40.789,40.789,40.789,40.789,40.789,40.789,40.789
22.5,22.5,22.5,22.5,22.5,22.5,22.5,22.5,22.5,25,25,25,25,25,25,25,25,25,24.474,24.474,24.474,24.474,24.474,24.474,24.474,24.474,24.474
52.5,52.5,52.5,52.5,52.5,52.5,52.5,52.5,52.5,50.714,50.714,50.714,50.714,50.714,50.714,50.714,50.714,50.714,51.053,51.053,51.053,51.053,51.053,51.053,51.053,51.053,51.053
0,0,0,0,0,0,0,0,0,0,0,0,0,0,0,0,0,0,0,0,0,0,0,0,0,0,0
NaN,NaN,NaN,NaN,NaN,NaN,NaN,NaN,NaN,17.5,17.5,17.5,17.5,17.5,17.5,17.5,17.5,17.5,29.231,29.231,29.231,29.231,29.231,29.231,29.231,29.231,29.231
NaN,NaN,NaN,NaN,NaN,NaN,NaN,NaN,NaN,8.5,8.5,8.5,8.5,8.5,8.5,8.5,8.5,8.5,10,10,10,10,10,10,10,10,10
NaN,NaN,NaN,NaN,NaN,NaN,NaN,NaN,NaN,5,5,5,5,5,5,5,5,5,14.231,14.231,14.231,14.231,14.231,14.231,14.231,14.231,14.231
NaN,NaN,NaN,NaN,NaN,NaN,NaN,NaN,NaN,7.5,7.5,7.5,7.5,7.5,7.5,7.5,7.5,7.5,10.769,10.769,10.769,10.769,10.769,10.769,10.769,10.769,10.769
NaN,NaN,NaN,NaN,NaN,NaN,NaN,NaN,NaN,23.5,23.5,23.5,23.5,23.5,23.5,23.5,23.5,23.5,26.154,26.154,26.154,26.154,26.154,26.154,26.154,26.154,26.154
NaN,NaN,NaN,NaN,NaN,NaN,NaN,NaN,NaN,24,24,24,24,24,24,24,24,24,40.385,40.385,40.385,40.385,40.385,40.385,40.385,40.385,40.385
NaN,NaN,NaN,NaN,NaN,NaN,NaN,NaN,NaN,1.5,1.5,1.5,1.5,1.5,1.5,1.5,1.5,1.5,0.76923,0.76923,0.76923,0.76923,0.76923,0.76923,0.76923,0.76923,0.76923
NaN,NaN,NaN,NaN,NaN,NaN,NaN,NaN,NaN,46,46,46,46,46,46,46,46,46,38.462,38.462,38.462,38.462,38.462,38.462,38.462,38.462,38.462
NaN,NaN,NaN,NaN,NaN,NaN,NaN,NaN,NaN,28,28,28,28,28,28,28,28,28,25,25,25,25,25,25,25,25,25
NaN,NaN,NaN,NaN,NaN,NaN,NaN,NaN,NaN,0,0,0,0,0,0,0,0,0,0,0,0,0,0,0,0,0,0
NaN,NaN,NaN,NaN,NaN,NaN,NaN,NaN,NaN,31,31,31,31,31,31,31,31,31,28.077,28.077,28.077,28.077,28.077,28.077,28.077,28.077,28.077
NaN,NaN,NaN,NaN,NaN,NaN,NaN,NaN,NaN,20,20,20,20,20,20,20,20,20,20.385,20.385,20.385,20.385,20.385,20.385,20.385,20.385,20.385
NaN,NaN,NaN,NaN,NaN,NaN,NaN,NaN,NaN,0,0,0,0,0,0,0,0,0,0,0,0,0,0,0,0,0,0
NaN,NaN,NaN,NaN,NaN,NaN,NaN,NaN,NaN,0.5,0.5,0.5,0.5,0.5,0.5,0.5,0.5,0.5,0.76923,0.76923,0.76923,0.76923,0.76923,0.76923,0.76923,0.76923,0.76923
NaN,NaN,NaN,NaN,NaN,NaN,NaN,NaN,NaN,4.5,4.5,4.5,4.5,4.5,4.5,4.5,4.5,4.5,6.1538,6.1538,6.1538,6.1538,6.1538,6.1538,6.1538,6.1538,6.1538
NaN,NaN,NaN,NaN,NaN,NaN,NaN,NaN,NaN,3.75,3.75,3.75,3.75,3.75,3.75,3.75,3.75,3.75,11.875,11.875,11.875,11.875,11.875,11.875,11.875,11.875,11.875
NaN,NaN,NaN,NaN,NaN,NaN,NaN,NaN,NaN,36.25,36.25,36.25,36.25,36.25,36.25,36.25,36.25,36.25,41.25,41.25,41.25,41.25,41.25,41.25,41.25,41.25,41.25
NaN,NaN,NaN,NaN,NaN,NaN,NaN,NaN,NaN,0.9375,0.9375,0.9375,0.9375,0.9375,0.9375,0.9375,0.9375,0.9375,7.1875,7.1875,7.1875,7.1875,7.1875,7.1875,7.1875,7.1875,7.1875
NaN,NaN,NaN,NaN,NaN,NaN,NaN,NaN,NaN,40,40,40,40,40,40,40,40,40,32.812,32.812,32.812,32.812,32.812,32.812,32.812,32.812,32.812
NaN,NaN,NaN,NaN,NaN,NaN,NaN,NaN,NaN,19.375,19.375,19.375,19.375,19.375,19.375,19.375,19.375,19.375,19.688,19.688,19.688,19.688,19.688,19.688,19.688,19.688,19.688
NaN,NaN,NaN,NaN,NaN,NaN,NaN,NaN,NaN,18.125,18.125,18.125,18.125,18.125,18.125,18.125,18.125,18.125,13.125,13.125,13.125,13.125,13.125,13.125,13.125,13.125,13.125
NaN,NaN,NaN,NaN,NaN,NaN,NaN,NaN,NaN,36.25,36.25,36.25,36.25,36.25,36.25,36.25,36.25,36.25,39.688,39.688,39.688,39.688,39.688,39.688,39.688,39.688,39.688
NaN,NaN,NaN,NaN,NaN,NaN,NaN,NaN,NaN,0,0,0,0,0,0,0,0,0,0,0,0,0,0,0,0,0,0
NaN,NaN,NaN,NaN,NaN,NaN,NaN,NaN,NaN,27.188,27.188,27.188,27.188,27.188,27.188,27.188,27.188,27.188,31.25,31.25,31.25,31.25,31.25,31.25,31.25,31.25,31.25
NaN,NaN,NaN,NaN,NaN,NaN,NaN,NaN,NaN,16.364,16.364,16.364,16.364,16.364,16.364,16.364,16.364,16.364,21.818,21.818,21.818,21.818,21.818,21.818,21.818,21.818,21.818
NaN,NaN,NaN,NaN,NaN,NaN,NaN,NaN,NaN,19.091,19.091,19.091,19.091,19.091,19.091,19.091,19.091,19.091,12.727,12.727,12.727,12.727,12.727,12.727,12.727,12.727,12.727
NaN,NaN,NaN,NaN,NaN,NaN,NaN,NaN,NaN,24.545,24.545,24.545,24.545,24.545,24.545,24.545,24.545,24.545,21.364,21.364,21.364,21.364,21.364,21.364,21.364,21.364,21.364
NaN,NaN,NaN,NaN,NaN,NaN,NaN,NaN,NaN,7.2727,7.2727,7.2727,7.2727,7.2727,7.2727,7.2727,7.2727,7.2727,11.364,11.364,11.364,11.364,11.364,11.364,11.364,11.364,11.364
NaN,NaN,NaN,NaN,NaN,NaN,NaN,NaN,NaN,27.273,27.273,27.273,27.273,27.273,27.273,27.273,27.273,27.273,21.818,21.818,21.818,21.818,21.818,21.818,21.818,21.818,21.818
NaN,NaN,NaN,NaN,NaN,NaN,NaN,NaN,NaN,12.273,12.273,12.273,12.273,12.273,12.273,12.273,12.273,12.273,15,15,15,15,15,15,15,15,15
NaN,NaN,NaN,NaN,NaN,NaN,NaN,NaN,NaN,0.90909,0.90909,0.90909,0.90909,0.90909,0.90909,0.90909,0.90909,0.90909,0.90909,0.90909,0.90909,0.90909,0.90909,0.90909,0.90909,0.90909,0.90909
NaN,NaN,NaN,NaN,NaN,NaN,NaN,NaN,NaN,7.7273,7.7273,7.7273,7.7273,7.7273,7.7273,7.7273,7.7273,7.7273,7.2727,7.2727,7.2727,7.2727,7.2727,7.2727,7.2727,7.2727,7.2727
NaN,NaN,NaN,NaN,NaN,NaN,NaN,NaN,NaN,11.364,11.364,11.364,11.364,11.364,11.364,11.364,11.364,11.364,12.273,12.273,12.273,12.273,12.273,12.273,12.273,12.273,12.273
NaN,NaN,NaN,NaN,NaN,NaN,NaN,NaN,NaN,0.90909,0.90909,0.90909,0.90909,0.90909,0.90909,0.90909,0.90909,0.90909,0,0,0,0,0,0,0,0,0
NaN,NaN,NaN,NaN,NaN,NaN,NaN,NaN,NaN,19.091,19.091,19.091,19.091,19.091,19.091,19.091,19.091,19.091,20.455,20.455,20.455,20.455,20.455,20.455,20.455,20.455,20.455
NaN,NaN,NaN,NaN,NaN,NaN,NaN,NaN,NaN,14.091,14.091,14.091,14.091,14.091,14.091,14.091,14.091,14.091,15,15,15,15,15,15,15,15,15
NaN,NaN,NaN,NaN,NaN,NaN,NaN,NaN,NaN,23.636,23.636,23.636,23.636,23.636,23.636,23.636,23.636,23.636,24.545,24.545,24.545,24.545,24.545,24.545,24.545,24.545,24.545
0,0,0,0,0,0,0,0,0,0,0,0,0,0,0,0,0,0,0.30303,0.30303,0.30303,0.30303,0.30303,0.30303,0.30303,0.30303,0.30303
15,15,15,15,15,15,15,15,15,12.333,12.333,12.333,12.333,12.333,12.333,12.333,12.333,12.333,8.0303,8.0303,8.0303,8.0303,8.0303,8.0303,8.0303,8.0303,8.0303
0,0,0,0,0,0,0,0,0,5.3333,5.3333,5.3333,5.3333,5.3333,5.3333,5.3333,5.3333,5.3333,13.333,13.333,13.333,13.333,13.333,13.333,13.333,13.333,13.333
22.5,22.5,22.5,22.5,22.5,22.5,22.5,22.5,22.5,25.333,25.333,25.333,25.333,25.333,25.333,25.333,25.333,25.333,25.455,25.455,25.455,25.455,25.455,25.455,25.455,25.455,25.455
45,45,45,45,45,45,45,45,45,35.333,35.333,35.333,35.333,35.333,35.333,35.333,35.333,35.333,32.727,32.727,32.727,32.727,32.727,32.727,32.727,32.727,32.727
2.5,2.5,2.5,2.5,2.5,2.5,2.5,2.5,2.5,14.5,14.5,14.5,14.5,14.5,14.5,14.5,14.5,14.5,16.97,16.97,16.97,16.97,16.97,16.97,16.97,16.97,16.97
37.5,37.5,37.5,37.5,37.5,37.5,37.5,37.5,37.5,42.333,42.333,42.333,42.333,42.333,42.333,42.333,42.333,42.333,37.727,37.727,37.727,37.727,37.727,37.727,37.727,37.727,37.727
0,0,0,0,0,0,0,0,0,11.833,11.833,11.833,11.833,11.833,11.833,11.833,11.833,11.833,24.848,24.848,24.848,24.848,24.848,24.848,24.848,24.848,24.848
2.5,2.5,2.5,2.5,2.5,2.5,2.5,2.5,2.5,5.6667,5.6667,5.6667,5.6667,5.6667,5.6667,5.6667,5.6667,5.6667,18.333,18.333,18.333,18.333,18.333,18.333,18.333,18.333,18.333
17,17,17,17,17,17,17,17,17,25.625,25.625,25.625,25.625,25.625,25.625,25.625,25.625,25.625,25.5,25.5,25.5,25.5,25.5,25.5,25.5,25.5,25.5
1,1,1,1,1,1,1,1,1,7.5,7.5,7.5,7.5,7.5,7.5,7.5,7.5,7.5,12.5,12.5,12.5,12.5,12.5,12.5,12.5,12.5,12.5
2,2,2,2,2,2,2,2,2,10.625,10.625,10.625,10.625,10.625,10.625,10.625,10.625,10.625,11,11,11,11,11,11,11,11,11
20,20,20,20,20,20,20,20,20,15,15,15,15,15,15,15,15,15,6.5,6.5,6.5,6.5,6.5,6.5,6.5,6.5,6.5
6,6,6,6,6,6,6,6,6,11.25,11.25,11.25,11.25,11.25,11.25,11.25,11.25,11.25,21,21,21,21,21,21,21,21,21
0.5,0.5,0.5,0.5,0.5,0.5,0.5,0.5,0.5,1.25,1.25,1.25,1.25,1.25,1.25,1.25,1.25,1.25,1.5,1.5,1.5,1.5,1.5,1.5,1.5,1.5,1.5
2,2,2,2,2,2,2,2,2,0,0,0,0,0,0,0,0,0,1.5,1.5,1.5,1.5,1.5,1.5,1.5,1.5,1.5
7.5,7.5,7.5,7.5,7.5,7.5,7.5,7.5,7.5,3.125,3.125,3.125,3.125,3.125,3.125,3.125,3.125,3.125,3,3,3,3,3,3,3,3,3
8.5,8.5,8.5,8.5,8.5,8.5,8.5,8.5,8.5,6.25,6.25,6.25,6.25,6.25,6.25,6.25,6.25,6.25,14.5,14.5,14.5,14.5,14.5,14.5,14.5,14.5,14.5
1.5,1.5,1.5,1.5,1.5,1.5,1.5,1.5,1.5,0,0,0,0,0,0,0,0,0,0,0,0,0,0,0,0,0,0
9,9,9,9,9,9,9,9,9,4.375,4.375,4.375,4.375,4.375,4.375,4.375,4.375,4.375,5,5,5,5,5,5,5,5,5
8,8,8,8,8,8,8,8,8,8.125,8.125,8.125,8.125,8.125,8.125,8.125,8.125,8.125,0.5,0.5,0.5,0.5,0.5,0.5,0.5,0.5,0.5
0,0,0,0,0,0,0,0,0,2.5,2.5,2.5,2.5,2.5,2.5,2.5,2.5,2.5,0.5,0.5,0.5,0.5,0.5,0.5,0.5,0.5,0.5
31,31,31,31,31,31,31,31,31,25.625,25.625,25.625,25.625,25.625,25.625,25.625,25.625,25.625,30.5,30.5,30.5,30.5,30.5,30.5,30.5,30.5,30.5
22.222,22.222,22.222,22.222,22.222,22.222,22.222,22.222,22.222,11.875,11.875,11.875,11.875,11.875,11.875,11.875,11.875,11.875,12.188,12.188,12.188,12.188,12.188,12.188,12.188,12.188,12.188
0,0,0,0,0,0,0,0,0,3.125,3.125,3.125,3.125,3.125,3.125,3.125,3.125,3.125,13.438,13.438,13.438,13.438,13.438,13.438,13.438,13.438,13.438
0.55556,0.55556,0.55556,0.55556,0.55556,0.55556,0.55556,0.55556,0.55556,0.625,0.625,0.625,0.625,0.625,0.625,0.625,0.625,0.625,1.875,1.875,1.875,1.875,1.875,1.875,1.875,1.875,1.875
1.1111,1.1111,1.1111,1.1111,1.1111,1.1111,1.1111,1.1111,1.1111,1.25,1.25,1.25,1.25,1.25,1.25,1.25,1.25,1.25,1.25,1.25,1.25,1.25,1.25,1.25,1.25,1.25,1.25
16.667,16.667,16.667,16.667,16.667,16.667,16.667,16.667,16.667,10.625,10.625,10.625,10.625,10.625,10.625,10.625,10.625,10.625,20.312,20.312,20.312,20.312,20.312,20.312,20.312,20.312,20.312
0.55556,0.55556,0.55556,0.55556,0.55556,0.55556,0.55556,0.55556,0.55556,3.4375,3.4375,3.4375,3.4375,3.4375,3.4375,3.4375,3.4375,3.4375,4.375,4.375,4.375,4.375,4.375,4.375,4.375,4.375,4.375
8.3333,8.3333,8.3333,8.3333,8.3333,8.3333,8.3333,8.3333,8.3333,16.25,16.25,16.25,16.25,16.25,16.25,16.25,16.25,16.25,20,20,20,20,20,20,20,20,20
0,0,0,0,0,0,0,0,0,0.3125,0.3125,0.3125,0.3125,0.3125,0.3125,0.3125,0.3125,0.3125,1.5625,1.5625,1.5625,1.5625,1.5625,1.5625,1.5625,1.5625,1.5625
11.875,11.875,11.875,11.875,11.875,11.875,11.875,11.875,11.875,14.13,14.13,14.13,14.13,14.13,14.13,14.13,14.13,14.13,12,12,12,12,12,12,12,12,12
0.3125,0.3125,0.3125,0.3125,0.3125,0.3125,0.3125,0.3125,0.3125,3.6957,3.6957,3.6957,3.6957,3.6957,3.6957,3.6957,3.6957,3.6957,19.333,19.333,19.333,19.333,19.333,19.333,19.333,19.333,19.333
19.062,19.062,19.062,19.062,19.062,19.062,19.062,19.062,19.062,9.1304,9.1304,9.1304,9.1304,9.1304,9.1304,9.1304,9.1304,9.1304,8.3333,8.3333,8.3333,8.3333,8.3333,8.3333,8.3333,8.3333,8.3333
0,0,0,0,0,0,0,0,0,1.087,1.087,1.087,1.087,1.087,1.087,1.087,1.087,1.087,1.6667,1.6667,1.6667,1.6667,1.6667,1.6667,1.6667,1.6667,1.6667
27.5,27.5,27.5,27.5,27.5,27.5,27.5,27.5,27.5,35,35,35,35,35,35,35,35,35,36.333,36.333,36.333,36.333,36.333,36.333,36.333,36.333,36.333
1.875,1.875,1.875,1.875,1.875,1.875,1.875,1.875,1.875,7.6087,7.6087,7.6087,7.6087,7.6087,7.6087,7.6087,7.6087,7.6087,9,9,9,9,9,9,9,9,9
18.438,18.438,18.438,18.438,18.438,18.438,18.438,18.438,18.438,18.913,18.913,18.913,18.913,18.913,18.913,18.913,18.913,18.913,24.333,24.333,24.333,24.333,24.333,24.333,24.333,24.333,24.333
0.3125,0.3125,0.3125,0.3125,0.3125,0.3125,0.3125,0.3125,0.3125,0.65217,0.65217,0.65217,0.65217,0.65217,0.65217,0.65217,0.65217,0.65217,1,1,1,1,1,1,1,1,1
24,24,24,24,24,24,24,24,24,28.75,28.75,28.75,28.75,28.75,28.75,28.75,28.75,28.75,31.111,31.111,31.111,31.111,31.111,31.111,31.111,31.111,31.111
0,0,0,0,0,0,0,0,0,0,0,0,0,0,0,0,0,0,0,0,0,0,0,0,0,0,0
22,22,22,22,22,22,22,22,22,40,40,40,40,40,40,40,40,40,39.444,39.444,39.444,39.444,39.444,39.444,39.444,39.444,39.444
18.846,18.846,18.846,18.846,18.846,18.846,18.846,18.846,18.846,13.235,13.235,13.235,13.235,13.235,13.235,13.235,13.235,13.235,19.412,19.412,19.412,19.412,19.412,19.412,19.412,19.412,19.412
4.6154,4.6154,4.6154,4.6154,4.6154,4.6154,4.6154,4.6154,4.6154,13.235,13.235,13.235,13.235,13.235,13.235,13.235,13.235,13.235,17.059,17.059,17.059,17.059,17.059,17.059,17.059,17.059,17.059
4.2308,4.2308,4.2308,4.2308,4.2308,4.2308,4.2308,4.2308,4.2308,0.88235,0.88235,0.88235,0.88235,0.88235,0.88235,0.88235,0.88235,0.88235,0.29412,0.29412,0.29412,0.29412,0.29412,0.29412,0.29412,0.29412,0.29412
0,0,0,0,0,0,0,0,0,0,0,0,0,0,0,0,0,0,0,0,0,0,0,0,0,0,0
0,0,0,0,0,0,0,0,0,0,0,0,0,0,0,0,0,0,0,0,0,0,0,0,0,0,0
22.308,22.308,22.308,22.308,22.308,22.308,22.308,22.308,22.308,14.118,14.118,14.118,14.118,14.118,14.118,14.118,14.118,14.118,4.4118,4.4118,4.4118,4.4118,4.4118,4.4118,4.4118,4.4118,4.4118
35.385,35.385,35.385,35.385,35.385,35.385,35.385,35.385,35.385,21.765,21.765,21.765,21.765,21.765,21.765,21.765,21.765,21.765,7.3529,7.3529,7.3529,7.3529,7.3529,7.3529,7.3529,7.3529,7.3529
0.38462,0.38462,0.38462,0.38462,0.38462,0.38462,0.38462,0.38462,0.38462,0.88235,0.88235,0.88235,0.88235,0.88235,0.88235,0.88235,0.88235,0.88235,0.88235,0.88235,0.88235,0.88235,0.88235,0.88235,0.88235,0.88235,0.88235
0.38462,0.38462,0.38462,0.38462,0.38462,0.38462,0.38462,0.38462,0.38462,0.58824,0.58824,0.58824,0.58824,0.58824,0.58824,0.58824,0.58824,0.58824,0.29412,0.29412,0.29412,0.29412,0.29412,0.29412,0.29412,0.29412,0.29412
16.538,16.538,16.538,16.538,16.538,16.538,16.538,16.538,16.538,42.353,42.353,42.353,42.353,42.353,42.353,42.353,42.353,42.353,39.118,39.118,39.118,39.118,39.118,39.118,39.118,39.118,39.118
5.8333,5.8333,5.8333,5.8333,5.8333,5.8333,5.8333,5.8333,5.8333,2.037,2.037,2.037,2.037,2.037,2.037,2.037,2.037,2.037,2.2917,2.2917,2.2917,2.2917,2.2917,2.2917,2.2917,2.2917,2.2917
9.1667,9.1667,9.1667,9.1667,9.1667,9.1667,9.1667,9.1667,9.1667,14.259,14.259,14.259,14.259,14.259,14.259,14.259,14.259,14.259,17.708,17.708,17.708,17.708,17.708,17.708,17.708,17.708,17.708
1.6667,1.6667,1.6667,1.6667,1.6667,1.6667,1.6667,1.6667,1.6667,3.1481,3.1481,3.1481,3.1481,3.1481,3.1481,3.1481,3.1481,3.1481,2.7083,2.7083,2.7083,2.7083,2.7083,2.7083,2.7083,2.7083,2.7083
19.167,19.167,19.167,19.167,19.167,19.167,19.167,19.167,19.167,41.481,41.481,41.481,41.481,41.481,41.481,41.481,41.481,41.481,33.333,33.333,33.333,33.333,33.333,33.333,33.333,33.333,33.333
3.3333,3.3333,3.3333,3.3333,3.3333,3.3333,3.3333,3.3333,3.3333,2.1429,2.1429,2.1429,2.1429,2.1429,2.1429,2.1429,2.1429,2.1429,1.5789,1.5789,1.5789,1.5789,1.5789,1.5789,1.5789,1.5789,1.5789
1.6667,1.6667,1.6667,1.6667,1.6667,1.6667,1.6667,1.6667,1.6667,0,0,0,0,0,0,0,0,0,0,0,0,0,0,0,0,0,0
28.333,28.333,28.333,28.333,28.333,28.333,28.333,28.333,28.333,30,30,30,30,30,30,30,30,30,41.842,41.842,41.842,41.842,41.842,41.842,41.842,41.842,41.842
0,0,0,0,0,0,0,0,0,0.71429,0.71429,0.71429,0.71429,0.71429,0.71429,0.71429,0.71429,0.71429,0.26316,0.26316,0.26316,0.26316,0.26316,0.26316,0.26316,0.26316,0.26316
15,15,15,15,15,15,15,15,15,26.429,26.429,26.429,26.429,26.429,26.429,26.429,26.429,26.429,29.737,29.737,29.737,29.737,29.737,29.737,29.737,29.737,29.737
0,0,0,0,0,0,0,0,0,0,0,0,0,0,0,0,0,0,2.6316,2.6316,2.6316,2.6316,2.6316,2.6316,2.6316,2.6316,2.6316
19.167,19.167,19.167,19.167,19.167,19.167,19.167,19.167,19.167,14.286,14.286,14.286,14.286,14.286,14.286,14.286,14.286,14.286,6.0526,6.0526,6.0526,6.0526,6.0526,6.0526,6.0526,6.0526,6.0526
13.333,13.333,13.333,13.333,13.333,13.333,13.333,13.333,13.333,0,0,0,0,0,0,0,0,0,0.78947,0.78947,0.78947,0.78947,0.78947,0.78947,0.78947,0.78947,0.78947
50,50,50,50,50,50,50,50,50,22.857,22.857,22.857,22.857,22.857,22.857,22.857,22.857,22.857,11.316,11.316,11.316,11.316,11.316,11.316,11.316,11.316,11.316
0,0,0,0,0,0,0,0,0,3.5714,3.5714,3.5714,3.5714,3.5714,3.5714,3.5714,3.5714,3.5714,1.0526,1.0526,1.0526,1.0526,1.0526,1.0526,1.0526,1.0526,1.0526
24.167,24.167,24.167,24.167,24.167,24.167,24.167,24.167,24.167,45.714,45.714,45.714,45.714,45.714,45.714,45.714,45.714,45.714,42.895,42.895,42.895,42.895,42.895,42.895,42.895,42.895,42.895
0,0,0,0,0,0,0,0,0,0,0,0,0,0,0,0,0,0,0,0,0,0,0,0,0,0,0
8.4091,8.4091,8.4091,8.4091,8.4091,8.4091,8.4091,8.4091,8.4091,4.5833,4.5833,4.5833,4.5833,4.5833,4.5833,4.5833,4.5833,4.5833,1.5,1.5,1.5,1.5,1.5,1.5,1.5,1.5,1.5
18.864,18.864,18.864,18.864,18.864,18.864,18.864,18.864,18.864,15.625,15.625,15.625,15.625,15.625,15.625,15.625,15.625,15.625,42.75,42.75,42.75,42.75,42.75,42.75,42.75,42.75,42.75
0,0,0,0,0,0,0,0,0,0,0,0,0,0,0,0,0,0,0,0,0,0,0,0,0,0,0
12.273,12.273,12.273,12.273,12.273,12.273,12.273,12.273,12.273,8.5417,8.5417,8.5417,8.5417,8.5417,8.5417,8.5417,8.5417,8.5417,5.5,5.5,5.5,5.5,5.5,5.5,5.5,5.5,5.5
5.6818,5.6818,5.6818,5.6818,5.6818,5.6818,5.6818,5.6818,5.6818,2.0833,2.0833,2.0833,2.0833,2.0833,2.0833,2.0833,2.0833,2.0833,0,0,0,0,0,0,0,0,0
49.773,49.773,49.773,49.773,49.773,49.773,49.773,49.773,49.773,30.625,30.625,30.625,30.625,30.625,30.625,30.625,30.625,30.625,8.25,8.25,8.25,8.25,8.25,8.25,8.25,8.25,8.25
30,30,30,30,30,30,30,30,30,51.875,51.875,51.875,51.875,51.875,51.875,51.875,51.875,51.875,45.5,45.5,45.5,45.5,45.5,45.5,45.5,45.5,45.5
4.8276,4.8276,4.8276,4.8276,4.8276,4.8276,4.8276,4.8276,4.8276,1.6667,1.6667,1.6667,1.6667,1.6667,1.6667,1.6667,1.6667,1.6667,0,0,0,0,0,0,0,0,0
18.793,18.793,18.793,18.793,18.793,18.793,18.793,18.793,18.793,18.333,18.333,18.333,18.333,18.333,18.333,18.333,18.333,18.333,45.294,45.294,45.294,45.294,45.294,45.294,45.294,45.294,45.294
19.31,19.31,19.31,19.31,19.31,19.31,19.31,19.31,19.31,16.364,16.364,16.364,16.364,16.364,16.364,16.364,16.364,16.364,15.882,15.882,15.882,15.882,15.882,15.882,15.882,15.882,15.882
0,0,0,0,0,0,0,0,0,0,0,0,0,0,0,0,0,0,0,0,0,0,0,0,0,0,0
0.34483,0.34483,0.34483,0.34483,0.34483,0.34483,0.34483,0.34483,0.34483,2.8788,2.8788,2.8788,2.8788,2.8788,2.8788,2.8788,2.8788,2.8788,3.5294,3.5294,3.5294,3.5294,3.5294,3.5294,3.5294,3.5294,3.5294
37.759,37.759,37.759,37.759,37.759,37.759,37.759,37.759,37.759,24.091,24.091,24.091,24.091,24.091,24.091,24.091,24.091,24.091,4.1176,4.1176,4.1176,4.1176,4.1176,4.1176,4.1176,4.1176,4.1176
25.345,25.345,25.345,25.345,25.345,25.345,25.345,25.345,25.345,48.788,48.788,48.788,48.788,48.788,48.788,48.788,48.788,48.788,41.176,41.176,41.176,41.176,41.176,41.176,41.176,41.176,41.176
20.417,20.417,20.417,20.417,20.417,20.417,20.417,20.417,20.417,16.167,16.167,16.167,16.167,16.167,16.167,16.167,16.167,16.167,13.81,13.81,13.81,13.81,13.81,13.81,13.81,13.81,13.81
0.20833,0.20833,0.20833,0.20833,0.20833,0.20833,0.20833,0.20833,0.20833,4,4,4,4,4,4,4,4,4,8.8095,8.8095,8.8095,8.8095,8.8095,8.8095,8.8095,8.8095,8.8095
1.25,1.25,1.25,1.25,1.25,1.25,1.25,1.25,1.25,3.1667,3.1667,3.1667,3.1667,3.1667,3.1667,3.1667,3.1667,3.1667,4.7619,4.7619,4.7619,4.7619,4.7619,4.7619,4.7619,4.7619,4.7619
43.125,43.125,43.125,43.125,43.125,43.125,43.125,43.125,43.125,28.5,28.5,28.5,28.5,28.5,28.5,28.5,28.5,28.5,15.714,15.714,15.714,15.714,15.714,15.714,15.714,15.714,15.714
0,0,0,0,0,0,0,0,0,0,0,0,0,0,0,0,0,0,0,0,0,0,0,0,0,0,0
8.3333,8.3333,8.3333,8.3333,8.3333,8.3333,8.3333,8.3333,8.3333,5.3333,5.3333,5.3333,5.3333,5.3333,5.3333,5.3333,5.3333,5.3333,3.8095,3.8095,3.8095,3.8095,3.8095,3.8095,3.8095,3.8095,3.8095
20.794,20.794,20.794,20.794,20.794,20.794,20.794,20.794,20.794,19.118,19.118,19.118,19.118,19.118,19.118,19.118,19.118,19.118,24.453,24.453,24.453,24.453,24.453,24.453,24.453,24.453,24.453
2.6984,2.6984,2.6984,2.6984,2.6984,2.6984,2.6984,2.6984,2.6984,1.25,1.25,1.25,1.25,1.25,1.25,1.25,1.25,1.25,1.0938,1.0938,1.0938,1.0938,1.0938,1.0938,1.0938,1.0938,1.0938
9.5238,9.5238,9.5238,9.5238,9.5238,9.5238,9.5238,9.5238,9.5238,7.1324,7.1324,7.1324,7.1324,7.1324,7.1324,7.1324,7.1324,7.1324,12.266,12.266,12.266,12.266,12.266,12.266,12.266,12.266,12.266
3.0952,3.0952,3.0952,3.0952,3.0952,3.0952,3.0952,3.0952,3.0952,5,5,5,5,5,5,5,5,5,7.0312,7.0312,7.0312,7.0312,7.0312,7.0312,7.0312,7.0312,7.0312
0.47619,0.47619,0.47619,0.47619,0.47619,0.47619,0.47619,0.47619,0.47619,0,0,0,0,0,0,0,0,0,0.078125,0.078125,0.078125,0.078125,0.078125,0.078125,0.078125,0.078125,0.078125
35.635,35.635,35.635,35.635,35.635,35.635,35.635,35.635,35.635,20.515,20.515,20.515,20.515,20.515,20.515,20.515,20.515,20.515,16.094,16.094,16.094,16.094,16.094,16.094,16.094,16.094,16.094
4.5238,4.5238,4.5238,4.5238,4.5238,4.5238,4.5238,4.5238,4.5238,10.956,10.956,10.956,10.956,10.956,10.956,10.956,10.956,10.956,12.266,12.266,12.266,12.266,12.266,12.266,12.266,12.266,12.266
16.27,16.27,16.27,16.27,16.27,16.27,16.27,16.27,16.27,26.691,26.691,26.691,26.691,26.691,26.691,26.691,26.691,26.691,38.984,38.984,38.984,38.984,38.984,38.984,38.984,38.984,38.984
0,0,0,0,0,0,0,0,0,0,0,0,0,0,0,0,0,0,0,0,0,0,0,0,0,0,0
20.795,20.795,20.795,20.795,20.795,20.795,20.795,20.795,20.795,22.5,22.5,22.5,22.5,22.5,22.5,22.5,22.5,22.5,20.902,20.902,20.902,20.902,20.902,20.902,20.902,20.902,20.902
16.25,16.25,16.25,16.25,16.25,16.25,16.25,16.25,16.25,34.375,34.375,34.375,34.375,34.375,34.375,34.375,34.375,34.375,38.934,38.934,38.934,38.934,38.934,38.934,38.934,38.934,38.934
20.682,20.682,20.682,20.682,20.682,20.682,20.682,20.682,20.682,10.625,10.625,10.625,10.625,10.625,10.625,10.625,10.625,10.625,6.8852,6.8852,6.8852,6.8852,6.8852,6.8852,6.8852,6.8852,6.8852
0.22727,0.22727,0.22727,0.22727,0.22727,0.22727,0.22727,0.22727,0.22727,1.5625,1.5625,1.5625,1.5625,1.5625,1.5625,1.5625,1.5625,1.5625,0.90164,0.90164,0.90164,0.90164,0.90164,0.90164,0.90164,0.90164,0.90164
5.6154,5.6154,5.6154,5.6154,5.6154,5.6154,5.6154,5.6154,5.6154,8.6154,8.6154,8.6154,8.6154,8.6154,8.6154,8.6154,8.6154,8.6154,16.644,16.644,16.644,16.644,16.644,16.644,16.644,16.644,16.644
7.4615,7.4615,7.4615,7.4615,7.4615,7.4615,7.4615,7.4615,7.4615,6.7692,6.7692,6.7692,6.7692,6.7692,6.7692,6.7692,6.7692,6.7692,6.3699,6.3699,6.3699,6.3699,6.3699,6.3699,6.3699,6.3699,6.3699
0.38462,0.38462,0.38462,0.38462,0.38462,0.38462,0.38462,0.38462,0.38462,0.53846,0.53846,0.53846,0.53846,0.53846,0.53846,0.53846,0.53846,0.53846,1.9178,1.9178,1.9178,1.9178,1.9178,1.9178,1.9178,1.9178,1.9178
5.3077,5.3077,5.3077,5.3077,5.3077,5.3077,5.3077,5.3077,5.3077,1.3077,1.3077,1.3077,1.3077,1.3077,1.3077,1.3077,1.3077,1.3077,4.5205,4.5205,4.5205,4.5205,4.5205,4.5205,4.5205,4.5205,4.5205
3.3846,3.3846,3.3846,3.3846,3.3846,3.3846,3.3846,3.3846,3.3846,6.7692,6.7692,6.7692,6.7692,6.7692,6.7692,6.7692,6.7692,6.7692,8.6986,8.6986,8.6986,8.6986,8.6986,8.6986,8.6986,8.6986,8.6986
2.8462,2.8462,2.8462,2.8462,2.8462,2.8462,2.8462,2.8462,2.8462,3,3,3,3,3,3,3,3,3,2.5342,2.5342,2.5342,2.5342,2.5342,2.5342,2.5342,2.5342,2.5342
6.7143,6.7143,6.7143,6.7143,6.7143,6.7143,6.7143,6.7143,6.7143,9.4681,9.4681,9.4681,9.4681,9.4681,9.4681,9.4681,9.4681,9.4681,16.02,16.02,16.02,16.02,16.02,16.02,16.02,16.02,16.02
18.286,18.286,18.286,18.286,18.286,18.286,18.286,18.286,18.286,14.149,14.149,14.149,14.149,14.149,14.149,14.149,14.149,14.149,17.041,17.041,17.041,17.041,17.041,17.041,17.041,17.041,17.041
31.286,31.286,31.286,31.286,31.286,31.286,31.286,31.286,31.286,29.149,29.149,29.149,29.149,29.149,29.149,29.149,29.149,29.149,30.918,30.918,30.918,30.918,30.918,30.918,30.918,30.918,30.918
7.8571,7.8571,7.8571,7.8571,7.8571,7.8571,7.8571,7.8571,7.8571,11.383,11.383,11.383,11.383,11.383,11.383,11.383,11.383,11.383,15.408,15.408,15.408,15.408,15.408,15.408,15.408,15.408,15.408
3.5714,3.5714,3.5714,3.5714,3.5714,3.5714,3.5714,3.5714,3.5714,4.0426,4.0426,4.0426,4.0426,4.0426,4.0426,4.0426,4.0426,4.0426,6.0204,6.0204,6.0204,6.0204,6.0204,6.0204,6.0204,6.0204,6.0204
32.429,32.429,32.429,32.429,32.429,32.429,32.429,32.429,32.429,30.851,30.851,30.851,30.851,30.851,30.851,30.851,30.851,30.851,24.796,24.796,24.796,24.796,24.796,24.796,24.796,24.796,24.796
2.8571,2.8571,2.8571,2.8571,2.8571,2.8571,2.8571,2.8571,2.8571,5,5,5,5,5,5,5,5,5,2.551,2.551,2.551,2.551,2.551,2.551,2.551,2.551,2.551
3.2857,3.2857,3.2857,3.2857,3.2857,3.2857,3.2857,3.2857,3.2857,7.766,7.766,7.766,7.766,7.766,7.766,7.766,7.766,7.766,11.122,11.122,11.122,11.122,11.122,11.122,11.122,11.122,11.122
16.194,16.194,16.194,16.194,16.194,16.194,16.194,16.194,16.194,9.4444,9.4444,9.4444,9.4444,9.4444,9.4444,9.4444,9.4444,9.4444,21.667,21.667,21.667,21.667,21.667,21.667,21.667,21.667,21.667
7.4627,7.4627,7.4627,7.4627,7.4627,7.4627,7.4627,7.4627,7.4627,5,5,5,5,5,5,5,5,5,17.222,17.222,17.222,17.222,17.222,17.222,17.222,17.222,17.222
4.1791,4.1791,4.1791,4.1791,4.1791,4.1791,4.1791,4.1791,4.1791,7.7778,7.7778,7.7778,7.7778,7.7778,7.7778,7.7778,7.7778,7.7778,17.222,17.222,17.222,17.222,17.222,17.222,17.222,17.222,17.222
18.803,18.803,18.803,18.803,18.803,18.803,18.803,18.803,18.803,18.649,18.649,18.649,18.649,18.649,18.649,18.649,18.649,18.649,18.581,18.581,18.581,18.581,18.581,18.581,18.581,18.581,18.581
7.1127,7.1127,7.1127,7.1127,7.1127,7.1127,7.1127,7.1127,7.1127,7.1622,7.1622,7.1622,7.1622,7.1622,7.1622,7.1622,7.1622,7.1622,6.4865,6.4865,6.4865,6.4865,6.4865,6.4865,6.4865,6.4865,6.4865
11.056,11.056,11.056,11.056,11.056,11.056,11.056,11.056,11.056,10.203,10.203,10.203,10.203,10.203,10.203,10.203,10.203,10.203,9.7973,9.7973,9.7973,9.7973,9.7973,9.7973,9.7973,9.7973,9.7973
19.712,19.712,19.712,19.712,19.712,19.712,19.712,19.712,19.712,11.538,11.538,11.538,11.538,11.538,11.538,11.538,11.538,11.538,16.441,16.441,16.441,16.441,16.441,16.441,16.441,16.441,16.441
24.519,24.519,24.519,24.519,24.519,24.519,24.519,24.519,24.519,17.846,17.846,17.846,17.846,17.846,17.846,17.846,17.846,17.846,20.847,20.847,20.847,20.847,20.847,20.847,20.847,20.847,20.847
0,0,0,0,0,0,0,0,0,0,0,0,0,0,0,0,0,0,0,0,0,0,0,0,0,0,0
29.904,29.904,29.904,29.904,29.904,29.904,29.904,29.904,29.904,27.308,27.308,27.308,27.308,27.308,27.308,27.308,27.308,27.308,28.559,28.559,28.559,28.559,28.559,28.559,28.559,28.559,28.559
5.1923,5.1923,5.1923,5.1923,5.1923,5.1923,5.1923,5.1923,5.1923,9.0769,9.0769,9.0769,9.0769,9.0769,9.0769,9.0769,9.0769,9.0769,13.136,13.136,13.136,13.136,13.136,13.136,13.136,13.136,13.136
20.673,20.673,20.673,20.673,20.673,20.673,20.673,20.673,20.673,4.6923,4.6923,4.6923,4.6923,4.6923,4.6923,4.6923,4.6923,4.6923,1.6102,1.6102,1.6102,1.6102,1.6102,1.6102,1.6102,1.6102,1.6102
5.7143,5.7143,5.7143,5.7143,5.7143,5.7143,5.7143,5.7143,5.7143,2.5,2.5,2.5,2.5,2.5,2.5,2.5,2.5,2.5,0,0,0,0,0,0,0,0,0
32.143,32.143,32.143,32.143,32.143,32.143,32.143,32.143,32.143,0,0,0,0,0,0,0,0,0,0,0,0,0,0,0,0,0,0
32.143,32.143,32.143,32.143,32.143,32.143,32.143,32.143,32.143,27.5,27.5,27.5,27.5,27.5,27.5,27.5,27.5,27.5,18.333,18.333,18.333,18.333,18.333,18.333,18.333,18.333,18.333
29.286,29.286,29.286,29.286,29.286,29.286,29.286,29.286,29.286,7.5,7.5,7.5,7.5,7.5,7.5,7.5,7.5,7.5,11.667,11.667,11.667,11.667,11.667,11.667,11.667,11.667,11.667
2.1429,2.1429,2.1429,2.1429,2.1429,2.1429,2.1429,2.1429,2.1429,0,0,0,0,0,0,0,0,0,0,0,0,0,0,0,0,0,0
25,25,25,25,25,25,25,25,25,22.5,22.5,22.5,22.5,22.5,22.5,22.5,22.5,22.5,21.667,21.667,21.667,21.667,21.667,21.667,21.667,21.667,21.667
2.1429,2.1429,2.1429,2.1429,2.1429,2.1429,2.1429,2.1429,2.1429,2.5,2.5,2.5,2.5,2.5,2.5,2.5,2.5,2.5,4.1667,4.1667,4.1667,4.1667,4.1667,4.1667,4.1667,4.1667,4.1667
32.143,32.143,32.143,32.143,32.143,32.143,32.143,32.143,32.143,0,0,0,0,0,0,0,0,0,0,0,0,0,0,0,0,0,0
50,50,50,50,50,50,50,50,50,42.5,42.5,42.5,42.5,42.5,42.5,42.5,42.5,42.5,29.167,29.167,29.167,29.167,29.167,29.167,29.167,29.167,29.167
27.143,27.143,27.143,27.143,27.143,27.143,27.143,27.143,27.143,20,20,20,20,20,20,20,20,20,15,15,15,15,15,15,15,15,15
5,5,5,5,5,5,5,5,5,7.5,7.5,7.5,7.5,7.5,7.5,7.5,7.5,7.5,4.1667,4.1667,4.1667,4.1667,4.1667,4.1667,4.1667,4.1667,4.1667
13.571,13.571,13.571,13.571,13.571,13.571,13.571,13.571,13.571,15,15,15,15,15,15,15,15,15,19.167,19.167,19.167,19.167,19.167,19.167,19.167,19.167,19.167
31.667,31.667,31.667,31.667,31.667,31.667,31.667,31.667,31.667,35.714,35.714,35.714,35.714,35.714,35.714,35.714,35.714,35.714,31.667,31.667,31.667,31.667,31.667,31.667,31.667,31.667,31.667
53.333,53.333,53.333,53.333,53.333,53.333,53.333,53.333,53.333,49.286,49.286,49.286,49.286,49.286,49.286,49.286,49.286,49.286,53.333,53.333,53.333,53.333,53.333,53.333,53.333,53.333,53.333
20,20,20,20,20,20,20,20,20,19.286,19.286,19.286,19.286,19.286,19.286,19.286,19.286,19.286,31.667,31.667,31.667,31.667,31.667,31.667,31.667,31.667,31.667
6.6667,6.6667,6.6667,6.6667,6.6667,6.6667,6.6667,6.6667,6.6667,4.2857,4.2857,4.2857,4.2857,4.2857,4.2857,4.2857,4.2857,4.2857,20,20,20,20,20,20,20,20,20
6.6667,6.6667,6.6667,6.6667,6.6667,6.6667,6.6667,6.6667,6.6667,3.5714,3.5714,3.5714,3.5714,3.5714,3.5714,3.5714,3.5714,3.5714,3.3333,3.3333,3.3333,3.3333,3.3333,3.3333,3.3333,3.3333,3.3333
13.333,13.333,13.333,13.333,13.333,13.333,13.333,13.333,13.333,12.143,12.143,12.143,12.143,12.143,12.143,12.143,12.143,12.143,30,30,30,30,30,30,30,30,30
21.429,21.429,21.429,21.429,21.429,21.429,21.429,21.429,21.429,16.875,16.875,16.875,16.875,16.875,16.875,16.875,16.875,16.875,20,20,20,20,20,20,20,20,20
50.714,50.714,50.714,50.714,50.714,50.714,50.714,50.714,50.714,5.625,5.625,5.625,5.625,5.625,5.625,5.625,5.625,5.625,0.625,0.625,0.625,0.625,0.625,0.625,0.625,0.625,0.625
1.4286,1.4286,1.4286,1.4286,1.4286,1.4286,1.4286,1.4286,1.4286,1.875,1.875,1.875,1.875,1.875,1.875,1.875,1.875,1.875,1.25,1.25,1.25,1.25,1.25,1.25,1.25,1.25,1.25
30,30,30,30,30,30,30,30,30,1.875,1.875,1.875,1.875,1.875,1.875,1.875,1.875,1.875,1.25,1.25,1.25,1.25,1.25,1.25,1.25,1.25,1.25
47.143,47.143,47.143,47.143,47.143,47.143,47.143,47.143,47.143,1.875,1.875,1.875,1.875,1.875,1.875,1.875,1.875,1.875,0.625,0.625,0.625,0.625,0.625,0.625,0.625,0.625,0.625
13.571,13.571,13.571,13.571,13.571,13.571,13.571,13.571,13.571,4.375,4.375,4.375,4.375,4.375,4.375,4.375,4.375,4.375,8.125,8.125,8.125,8.125,8.125,8.125,8.125,8.125,8.125
0,0,0,0,0,0,0,0,0,0,0,0,0,0,0,0,0,0,0,0,0,0,0,0,0,0,0
32.143,32.143,32.143,32.143,32.143,32.143,32.143,32.143,32.143,0,0,0,0,0,0,0,0,0,0,0,0,0,0,0,0,0,0
0,0,0,0,0,0,0,0,0,0,0,0,0,0,0,0,0,0,0,0,0,0,0,0,0,0,0
38.571,38.571,38.571,38.571,38.571,38.571,38.571,38.571,38.571,16.875,16.875,16.875,16.875,16.875,16.875,16.875,16.875,16.875,18.125,18.125,18.125,18.125,18.125,18.125,18.125,18.125,18.125
8.5714,8.5714,8.5714,8.5714,8.5714,8.5714,8.5714,8.5714,8.5714,5.625,5.625,5.625,5.625,5.625,5.625,5.625,5.625,5.625,10,10,10,10,10,10,10,10,10
0,0,0,0,0,0,0,0,0,0,0,0,0,0,0,0,0,0,0,0,0,0,0,0,0,0,0
0,0,0,0,0,0,0,0,0,0,0,0,0,0,0,0,0,0,0,0,0,0,0,0,0,0,0
4.2857,4.2857,4.2857,4.2857,4.2857,4.2857,4.2857,4.2857,4.2857,7.5,7.5,7.5,7.5,7.5,7.5,7.5,7.5,7.5,3.125,3.125,3.125,3.125,3.125,3.125,3.125,3.125,3.125
15,15,15,15,15,15,15,15,15,18.125,18.125,18.125,18.125,18.125,18.125,18.125,18.125,18.125,21.25,21.25,21.25,21.25,21.25,21.25,21.25,21.25,21.25
24.286,24.286,24.286,24.286,24.286,24.286,24.286,24.286,24.286,17.5,17.5,17.5,17.5,17.5,17.5,17.5,17.5,17.5,8.75,8.75,8.75,8.75,8.75,8.75,8.75,8.75,8.75
18.125,18.125,18.125,18.125,18.125,18.125,18.125,18.125,18.125,16,16,16,16,16,16,16,16,16,14.286,14.286,14.286,14.286,14.286,14.286,14.286,14.286,14.286
26.875,26.875,26.875,26.875,26.875,26.875,26.875,26.875,26.875,27.5,27.5,27.5,27.5,27.5,27.5,27.5,27.5,27.5,23.571,23.571,23.571,23.571,23.571,23.571,23.571,23.571,23.571
11.875,11.875,11.875,11.875,11.875,11.875,11.875,11.875,11.875,20,20,20,20,20,20,20,20,20,25,25,25,25,25,25,25,25,25
12.5,12.5,12.5,12.5,12.5,12.5,12.5,12.5,12.5,10,10,10,10,10,10,10,10,10,2.1429,2.1429,2.1429,2.1429,2.1429,2.1429,2.1429,2.1429,2.1429
0.625,0.625,0.625,0.625,0.625,0.625,0.625,0.625,0.625,1,1,1,1,1,1,1,1,1,2.8571,2.8571,2.8571,2.8571,2.8571,2.8571,2.8571,2.8571,2.8571
29.375,29.375,29.375,29.375,29.375,29.375,29.375,29.375,29.375,3.5,3.5,3.5,3.5,3.5,3.5,3.5,3.5,3.5,0.71429,0.71429,0.71429,0.71429,0.71429,0.71429,0.71429,0.71429,0.71429
35,35,35,35,35,35,35,35,35,5,5,5,5,5,5,5,5,5,0,0,0,0,0,0,0,0,0
17.5,17.5,17.5,17.5,17.5,17.5,17.5,17.5,17.5,9,9,9,9,9,9,9,9,9,8.5714,8.5714,8.5714,8.5714,8.5714,8.5714,8.5714,8.5714,8.5714
0.625,0.625,0.625,0.625,0.625,0.625,0.625,0.625,0.625,0.5,0.5,0.5,0.5,0.5,0.5,0.5,0.5,0.5,0,0,0,0,0,0,0,0,0
11.25,11.25,11.25,11.25,11.25,11.25,11.25,11.25,11.25,4,4,4,4,4,4,4,4,4,3.5714,3.5714,3.5714,3.5714,3.5714,3.5714,3.5714,3.5714,3.5714
27.5,27.5,27.5,27.5,27.5,27.5,27.5,27.5,27.5,0,0,0,0,0,0,0,0,0,0,0,0,0,0,0,0,0,0
12.5,12.5,12.5,12.5,12.5,12.5,12.5,12.5,12.5,18,18,18,18,18,18,18,18,18,18.571,18.571,18.571,18.571,18.571,18.571,18.571,18.571,18.571
17.5,17.5,17.5,17.5,17.5,17.5,17.5,17.5,17.5,2,2,2,2,2,2,2,2,2,0,0,0,0,0,0,0,0,0
1.25,1.25,1.25,1.25,1.25,1.25,1.25,1.25,1.25,3,3,3,3,3,3,3,3,3,1.4286,1.4286,1.4286,1.4286,1.4286,1.4286,1.4286,1.4286,1.4286
0,0,0,0,0,0,0,0,0,0,0,0,0,0,0,0,0,0,0,0,0,0,0,0,0,0,0
18.75,18.75,18.75,18.75,18.75,18.75,18.75,18.75,18.75,18.5,18.5,18.5,18.5,18.5,18.5,18.5,18.5,18.5,12.143,12.143,12.143,12.143,12.143,12.143,12.143,12.143,12.143
18.125,18.125,18.125,18.125,18.125,18.125,18.125,18.125,18.125,18.5,18.5,18.5,18.5,18.5,18.5,18.5,18.5,18.5,25.714,25.714,25.714,25.714,25.714,25.714,25.714,25.714,25.714
0,0,0,0,0,0,0,0,0,0,0,0,0,0,0,0,0,0,0,0,0,0,0,0,0,0,0
29.167,29.167,29.167,29.167,29.167,29.167,29.167,29.167,29.167,0.71429,0.71429,0.71429,0.71429,0.71429,0.71429,0.71429,0.71429,0.71429,0,0,0,0,0,0,0,0,0
31.667,31.667,31.667,31.667,31.667,31.667,31.667,31.667,31.667,15,15,15,15,15,15,15,15,15,13.75,13.75,13.75,13.75,13.75,13.75,13.75,13.75,13.75
12.5,12.5,12.5,12.5,12.5,12.5,12.5,12.5,12.5,5,5,5,5,5,5,5,5,5,10,10,10,10,10,10,10,10,10
11.667,11.667,11.667,11.667,11.667,11.667,11.667,11.667,11.667,5.7143,5.7143,5.7143,5.7143,5.7143,5.7143,5.7143,5.7143,5.7143,5.8333,5.8333,5.8333,5.8333,5.8333,5.8333,5.8333,5.8333,5.8333
5,5,5,5,5,5,5,5,5,7.8571,7.8571,7.8571,7.8571,7.8571,7.8571,7.8571,7.8571,7.8571,7.5,7.5,7.5,7.5,7.5,7.5,7.5,7.5,7.5
35.833,35.833,35.833,35.833,35.833,35.833,35.833,35.833,35.833,0,0,0,0,0,0,0,0,0,0,0,0,0,0,0,0,0,0
5.8333,5.8333,5.8333,5.8333,5.8333,5.8333,5.8333,5.8333,5.8333,20.714,20.714,20.714,20.714,20.714,20.714,20.714,20.714,20.714,22.917,22.917,22.917,22.917,22.917,22.917,22.917,22.917,22.917
0,0,0,0,0,0,0,0,0,2.1429,2.1429,2.1429,2.1429,2.1429,2.1429,2.1429,2.1429,2.1429,1.25,1.25,1.25,1.25,1.25,1.25,1.25,1.25,1.25
28.333,28.333,28.333,28.333,28.333,28.333,28.333,28.333,28.333,17.143,17.143,17.143,17.143,17.143,17.143,17.143,17.143,17.143,9.5833,9.5833,9.5833,9.5833,9.5833,9.5833,9.5833,9.5833,9.5833
6.6667,6.6667,6.6667,6.6667,6.6667,6.6667,6.6667,6.6667,6.6667,2.1429,2.1429,2.1429,2.1429,2.1429,2.1429,2.1429,2.1429,2.1429,0.41667,0.41667,0.41667,0.41667,0.41667,0.41667,0.41667,0.41667,0.41667
21.667,21.667,21.667,21.667,21.667,21.667,21.667,21.667,21.667,17.143,17.143,17.143,17.143,17.143,17.143,17.143,17.143,17.143,9.1667,9.1667,9.1667,9.1667,9.1667,9.1667,9.1667,9.1667,9.1667
10.833,10.833,10.833,10.833,10.833,10.833,10.833,10.833,10.833,18.571,18.571,18.571,18.571,18.571,18.571,18.571,18.571,18.571,24.583,24.583,24.583,24.583,24.583,24.583,24.583,24.583,24.583
25,25,25,25,25,25,25,25,25,5,5,5,5,5,5,5,5,5,4.1667,4.1667,4.1667,4.1667,4.1667,4.1667,4.1667,4.1667,4.1667
26.5,26.5,26.5,26.5,26.5,26.5,26.5,26.5,26.5,19.5,19.5,19.5,19.5,19.5,19.5,19.5,19.5,19.5,23.333,23.333,23.333,23.333,23.333,23.333,23.333,23.333,23.333
20.5,20.5,20.5,20.5,20.5,20.5,20.5,20.5,20.5,7,7,7,7,7,7,7,7,7,7.5,7.5,7.5,7.5,7.5,7.5,7.5,7.5,7.5
42,42,42,42,42,42,42,42,42,21.5,21.5,21.5,21.5,21.5,21.5,21.5,21.5,21.5,14.167,14.167,14.167,14.167,14.167,14.167,14.167,14.167,14.167
14,14,14,14,14,14,14,14,14,10,10,10,10,10,10,10,10,10,18.333,18.333,18.333,18.333,18.333,18.333,18.333,18.333,18.333
25,25,25,25,25,25,25,25,25,0,0,0,0,0,0,0,0,0,1.6667,1.6667,1.6667,1.6667,1.6667,1.6667,1.6667,1.6667,1.6667
12,12,12,12,12,12,12,12,12,8.5,8.5,8.5,8.5,8.5,8.5,8.5,8.5,8.5,5.8333,5.8333,5.8333,5.8333,5.8333,5.8333,5.8333,5.8333,5.8333
59.5,59.5,59.5,59.5,59.5,59.5,59.5,59.5,59.5,25,25,25,25,25,25,25,25,25,9.1667,9.1667,9.1667,9.1667,9.1667,9.1667,9.1667,9.1667,9.1667
8.75,8.75,8.75,8.75,8.75,8.75,8.75,8.75,8.75,31.667,31.667,31.667,31.667,31.667,31.667,31.667,31.667,31.667,33.636,33.636,33.636,33.636,33.636,33.636,33.636,33.636,33.636
15.417,15.417,15.417,15.417,15.417,15.417,15.417,15.417,15.417,0,0,0,0,0,0,0,0,0,8.6364,8.6364,8.6364,8.6364,8.6364,8.6364,8.6364,8.6364,8.6364
25.417,25.417,25.417,25.417,25.417,25.417,25.417,25.417,25.417,28.333,28.333,28.333,28.333,28.333,28.333,28.333,28.333,28.333,24.545,24.545,24.545,24.545,24.545,24.545,24.545,24.545,24.545
17.917,17.917,17.917,17.917,17.917,17.917,17.917,17.917,17.917,23.333,23.333,23.333,23.333,23.333,23.333,23.333,23.333,23.333,30,30,30,30,30,30,30,30,30
22.083,22.083,22.083,22.083,22.083,22.083,22.083,22.083,22.083,25,25,25,25,25,25,25,25,25,22.727,22.727,22.727,22.727,22.727,22.727,22.727,22.727,22.727
39.167,39.167,39.167,39.167,39.167,39.167,39.167,39.167,39.167,25.833,25.833,25.833,25.833,25.833,25.833,25.833,25.833,25.833,20,20,20,20,20,20,20,20,20
2.0833,2.0833,2.0833,2.0833,2.0833,2.0833,2.0833,2.0833,2.0833,6.6667,6.6667,6.6667,6.6667,6.6667,6.6667,6.6667,6.6667,6.6667,7.7273,7.7273,7.7273,7.7273,7.7273,7.7273,7.7273,7.7273,7.7273
2.5,2.5,2.5,2.5,2.5,2.5,2.5,2.5,2.5,0,0,0,0,0,0,0,0,0,0.45455,0.45455,0.45455,0.45455,0.45455,0.45455,0.45455,0.45455,0.45455
0,0,0,0,0,0,0,0,0,0,0,0,0,0,0,0,0,0,0,0,0,0,0,0,0,0,0
3.75,3.75,3.75,3.75,3.75,3.75,3.75,3.75,3.75,6.6667,6.6667,6.6667,6.6667,6.6667,6.6667,6.6667,6.6667,6.6667,15,15,15,15,15,15,15,15,15
32.083,32.083,32.083,32.083,32.083,32.083,32.083,32.083,32.083,0,0,0,0,0,0,0,0,0,0,0,0,0,0,0,0,0,0
16.667,16.667,16.667,16.667,16.667,16.667,16.667,16.667,16.667,15,15,15,15,15,15,15,15,15,28.182,28.182,28.182,28.182,28.182,28.182,28.182,28.182,28.182
0,0,0,0,0,0,0,0,0,0,0,0,0,0,0,0,0,0,0.45455,0.45455,0.45455,0.45455,0.45455,0.45455,0.45455,0.45455,0.45455
4.5833,4.5833,4.5833,4.5833,4.5833,4.5833,4.5833,4.5833,4.5833,4.1667,4.1667,4.1667,4.1667,4.1667,4.1667,4.1667,4.1667,4.1667,0.45455,0.45455,0.45455,0.45455,0.45455,0.45455,0.45455,0.45455,0.45455
7.5,7.5,7.5,7.5,7.5,7.5,7.5,7.5,7.5,16.667,16.667,16.667,16.667,16.667,16.667,16.667,16.667,16.667,10.455,10.455,10.455,10.455,10.455,10.455,10.455,10.455,10.455
13.75,13.75,13.75,13.75,13.75,13.75,13.75,13.75,13.75,22.5,22.5,22.5,22.5,22.5,22.5,22.5,22.5,22.5,14.545,14.545,14.545,14.545,14.545,14.545,14.545,14.545,14.545
2.0833,2.0833,2.0833,2.0833,2.0833,2.0833,2.0833,2.0833,2.0833,1.6667,1.6667,1.6667,1.6667,1.6667,1.6667,1.6667,1.6667,1.6667,15.909,15.909,15.909,15.909,15.909,15.909,15.909,15.909,15.909
11.667,11.667,11.667,11.667,11.667,11.667,11.667,11.667,11.667,25,25,25,25,25,25,25,25,25,14.091,14.091,14.091,14.091,14.091,14.091,14.091,14.091,14.091
8.8462,8.8462,8.8462,8.8462,8.8462,8.8462,8.8462,8.8462,8.8462,30.455,30.455,30.455,30.455,30.455,30.455,30.455,30.455,30.455,43.571,43.571,43.571,43.571,43.571,43.571,43.571,43.571,43.571
25,25,25,25,25,25,25,25,25,10.455,10.455,10.455,10.455,10.455,10.455,10.455,10.455,10.455,8.2143,8.2143,8.2143,8.2143,8.2143,8.2143,8.2143,8.2143,8.2143
25.385,25.385,25.385,25.385,25.385,25.385,25.385,25.385,25.385,10.455,10.455,10.455,10.455,10.455,10.455,10.455,10.455,10.455,8.2143,8.2143,8.2143,8.2143,8.2143,8.2143,8.2143,8.2143,8.2143
32.308,32.308,32.308,32.308,32.308,32.308,32.308,32.308,32.308,2.7273,2.7273,2.7273,2.7273,2.7273,2.7273,2.7273,2.7273,2.7273,0,0,0,0,0,0,0,0,0
13.077,13.077,13.077,13.077,13.077,13.077,13.077,13.077,13.077,7.2727,7.2727,7.2727,7.2727,7.2727,7.2727,7.2727,7.2727,7.2727,6.0714,6.0714,6.0714,6.0714,6.0714,6.0714,6.0714,6.0714,6.0714
2.6923,2.6923,2.6923,2.6923,2.6923,2.6923,2.6923,2.6923,2.6923,5,5,5,5,5,5,5,5,5,6.0714,6.0714,6.0714,6.0714,6.0714,6.0714,6.0714,6.0714,6.0714
7.6923,7.6923,7.6923,7.6923,7.6923,7.6923,7.6923,7.6923,7.6923,0.90909,0.90909,0.90909,0.90909,0.90909,0.90909,0.90909,0.90909,0.90909,1.0714,1.0714,1.0714,1.0714,1.0714,1.0714,1.0714,1.0714,1.0714
15.769,15.769,15.769,15.769,15.769,15.769,15.769,15.769,15.769,10.455,10.455,10.455,10.455,10.455,10.455,10.455,10.455,10.455,22.143,22.143,22.143,22.143,22.143,22.143,22.143,22.143,22.143
27.308,27.308,27.308,27.308,27.308,27.308,27.308,27.308,27.308,0.45455,0.45455,0.45455,0.45455,0.45455,0.45455,0.45455,0.45455,0.45455,0.35714,0.35714,0.35714,0.35714,0.35714,0.35714,0.35714,0.35714,0.35714
15.769,15.769,15.769,15.769,15.769,15.769,15.769,15.769,15.769,20,20,20,20,20,20,20,20,20,12.857,12.857,12.857,12.857,12.857,12.857,12.857,12.857,12.857
25.769,25.769,25.769,25.769,25.769,25.769,25.769,25.769,25.769,6.3636,6.3636,6.3636,6.3636,6.3636,6.3636,6.3636,6.3636,6.3636,6.4286,6.4286,6.4286,6.4286,6.4286,6.4286,6.4286,6.4286,6.4286
13.077,13.077,13.077,13.077,13.077,13.077,13.077,13.077,13.077,15.455,15.455,15.455,15.455,15.455,15.455,15.455,15.455,15.455,17.5,17.5,17.5,17.5,17.5,17.5,17.5,17.5,17.5
0.90909,0.90909,0.90909,0.90909,0.90909,0.90909,0.90909,0.90909,0.90909,0,0,0,0,0,0,0,0,0,0,0,0,0,0,0,0,0,0
9.0909,9.0909,9.0909,9.0909,9.0909,9.0909,9.0909,9.0909,9.0909,1.9231,1.9231,1.9231,1.9231,1.9231,1.9231,1.9231,1.9231,1.9231,0,0,0,0,0,0,0,0,0
17.273,17.273,17.273,17.273,17.273,17.273,17.273,17.273,17.273,5.7692,5.7692,5.7692,5.7692,5.7692,5.7692,5.7692,5.7692,5.7692,13,13,13,13,13,13,13,13,13
35.909,35.909,35.909,35.909,35.909,35.909,35.909,35.909,35.909,0.76923,0.76923,0.76923,0.76923,0.76923,0.76923,0.76923,0.76923,0.76923,0,0,0,0,0,0,0,0,0
0.90909,0.90909,0.90909,0.90909,0.90909,0.90909,0.90909,0.90909,0.90909,3.8462,3.8462,3.8462,3.8462,3.8462,3.8462,3.8462,3.8462,3.8462,2,2,2,2,2,2,2,2,2
0.90909,0.90909,0.90909,0.90909,0.90909,0.90909,0.90909,0.90909,0.90909,0.76923,0.76923,0.76923,0.76923,0.76923,0.76923,0.76923,0.76923,0.76923,0,0,0,0,0,0,0,0,0
9.0909,9.0909,9.0909,9.0909,9.0909,9.0909,9.0909,9.0909,9.0909,1.9231,1.9231,1.9231,1.9231,1.9231,1.9231,1.9231,1.9231,1.9231,0,0,0,0,0,0,0,0,0
6.3636,6.3636,6.3636,6.3636,6.3636,6.3636,6.3636,6.3636,6.3636,20.385,20.385,20.385,20.385,20.385,20.385,20.385,20.385,20.385,29,29,29,29,29,29,29,29,29
12.273,12.273,12.273,12.273,12.273,12.273,12.273,12.273,12.273,10.385,10.385,10.385,10.385,10.385,10.385,10.385,10.385,10.385,12,12,12,12,12,12,12,12,12
30.909,30.909,30.909,30.909,30.909,30.909,30.909,30.909,30.909,24.231,24.231,24.231,24.231,24.231,24.231,24.231,24.231,24.231,17,17,17,17,17,17,17,17,17
2.2727,2.2727,2.2727,2.2727,2.2727,2.2727,2.2727,2.2727,2.2727,5.3846,5.3846,5.3846,5.3846,5.3846,5.3846,5.3846,5.3846,5.3846,7,7,7,7,7,7,7,7,7
17.273,17.273,17.273,17.273,17.273,17.273,17.273,17.273,17.273,4.6154,4.6154,4.6154,4.6154,4.6154,4.6154,4.6154,4.6154,4.6154,5,5,5,5,5,5,5,5,5
2.7273,2.7273,2.7273,2.7273,2.7273,2.7273,2.7273,2.7273,2.7273,0.76923,0.76923,0.76923,0.76923,0.76923,0.76923,0.76923,0.76923,0.76923,2,2,2,2,2,2,2,2,2
14.091,14.091,14.091,14.091,14.091,14.091,14.091,14.091,14.091,20.769,20.769,20.769,20.769,20.769,20.769,20.769,20.769,20.769,14,14,14,14,14,14,14,14,14
19.545,19.545,19.545,19.545,19.545,19.545,19.545,19.545,19.545,11.154,11.154,11.154,11.154,11.154,11.154,11.154,11.154,11.154,7,7,7,7,7,7,7,7,7
0.71429,0.71429,0.71429,0.71429,0.71429,0.71429,0.71429,0.71429,0.71429,5,5,5,5,5,5,5,5,5,5,5,5,5,5,5,5,5,5
17.857,17.857,17.857,17.857,17.857,17.857,17.857,17.857,17.857,5.7143,5.7143,5.7143,5.7143,5.7143,5.7143,5.7143,5.7143,5.7143,3.3333,3.3333,3.3333,3.3333,3.3333,3.3333,3.3333,3.3333,3.3333
42.143,42.143,42.143,42.143,42.143,42.143,42.143,42.143,42.143,0.71429,0.71429,0.71429,0.71429,0.71429,0.71429,0.71429,0.71429,0.71429,0,0,0,0,0,0,0,0,0
18.214,18.214,18.214,18.214,18.214,18.214,18.214,18.214,18.214,0.71429,0.71429,0.71429,0.71429,0.71429,0.71429,0.71429,0.71429,0.71429,2.0833,2.0833,2.0833,2.0833,2.0833,2.0833,2.0833,2.0833,2.0833
11.429,11.429,11.429,11.429,11.429,11.429,11.429,11.429,11.429,22.143,22.143,22.143,22.143,22.143,22.143,22.143,22.143,22.143,24.583,24.583,24.583,24.583,24.583,24.583,24.583,24.583,24.583
12.857,12.857,12.857,12.857,12.857,12.857,12.857,12.857,12.857,15,15,15,15,15,15,15,15,15,10.833,10.833,10.833,10.833,10.833,10.833,10.833,10.833,10.833
13.929,13.929,13.929,13.929,13.929,13.929,13.929,13.929,13.929,2.1429,2.1429,2.1429,2.1429,2.1429,2.1429,2.1429,2.1429,2.1429,0.83333,0.83333,0.83333,0.83333,0.83333,0.83333,0.83333,0.83333,0.83333
0,0,0,0,0,0,0,0,0,1.4286,1.4286,1.4286,1.4286,1.4286,1.4286,1.4286,1.4286,1.4286,0.41667,0.41667,0.41667,0.41667,0.41667,0.41667,0.41667,0.41667,0.41667
4.6429,4.6429,4.6429,4.6429,4.6429,4.6429,4.6429,4.6429,4.6429,15.714,15.714,15.714,15.714,15.714,15.714,15.714,15.714,15.714,15,15,15,15,15,15,15,15,15
26.071,26.071,26.071,26.071,26.071,26.071,26.071,26.071,26.071,23.571,23.571,23.571,23.571,23.571,23.571,23.571,23.571,23.571,29.167,29.167,29.167,29.167,29.167,29.167,29.167,29.167,29.167
21.429,21.429,21.429,21.429,21.429,21.429,21.429,21.429,21.429,20,20,20,20,20,20,20,20,20,21.25,21.25,21.25,21.25,21.25,21.25,21.25,21.25,21.25
0.71429,0.71429,0.71429,0.71429,0.71429,0.71429,0.71429,0.71429,0.71429,0.71429,0.71429,0.71429,0.71429,0.71429,0.71429,0.71429,0.71429,0.71429,0,0,0,0,0,0,0,0,0
5,5,5,5,5,5,5,5,5,10.714,10.714,10.714,10.714,10.714,10.714,10.714,10.714,10.714,5,5,5,5,5,5,5,5,5
34.286,34.286,34.286,34.286,34.286,34.286,34.286,34.286,34.286,8.5714,8.5714,8.5714,8.5714,8.5714,8.5714,8.5714,8.5714,8.5714,4.1667,4.1667,4.1667,4.1667,4.1667,4.1667,4.1667,4.1667,4.1667
15.357,15.357,15.357,15.357,15.357,15.357,15.357,15.357,15.357,2.8571,2.8571,2.8571,2.8571,2.8571,2.8571,2.8571,2.8571,2.8571,2.0833,2.0833,2.0833,2.0833,2.0833,2.0833,2.0833,2.0833,2.0833
